	liquid	tank_failure_pressure	liquid_ratio	tank_width	tank_length	tank_height	BLEVE_height	vapour_temperature	liquid_temperature	status	gas_height	
B1	1	24.5	0.519805	2.2	6	1	1.6	307.8	339	1	0.40	
B2	1	30.3	0.5777971	1.4	8.8	2.4	0.6	382.5	398.7	1	1.00	
B3	1	9.9	0.1835418	2.8	8.4	1.6	0.8	420.4	307.7	1	1.40	
B4	1	21	0.4289734	1	6	0.4	1.6	302.8	320.4	1	0.20	
B5	1	13.6	0.6121555	2.8	7.6	0.6	1.6	376.8	384	0	0.40	
B6	1	34.6	0.8847179	3	7.2	2.2	1.4	316.9	371.1	1	0.20	
B7	1	13.3	0.8186652	0.8	8.6	1.2	0.2	492.8	402.6	0	0.40	
B8	1	9.3	0.3428358	3	1	1.2	1.2	554.9	373.7	0	0.80	
B9	1	8.3	0.7677645	0.6	8.8	0.8	1.4	346.6	412.5	0	0.20	
B10	1	35.8	0.8939903	1.8	8	1	1.4	340	368.7	1	0.20	
B11	1	22.3	0.3387812	1	6.6	1.6	0.8	386.1	392.6	1	1.00	
B12	1	23.8	0.3692956	1.2	7.6	1	1.6	383.5	337.3	1	0.60	
B13	1	17.4	0.5768433	0.8	9.4	2.2	1	371	330.7	1	1.00	
B14	1	19.8	0.7774823	1.6	6	3	1.6	318	303.4	1	0.60	
B15	1	11.2	0.1388207	0.8	4.4	0.8	1.8	363.6	283.5	1	0.60	
B16	1	5.2	0.5114816	2.6	9.6	1.4	0.8	532	314.4	1	0.60	
B17	1	18	0.3051463	1	3	0.6	1.4	397.2	396.3	0	0.60	
B18	1	24.8	0.5106126	0.6	2	0.6	1.6	536.8	334	1	0.20	
B19	1	37	0.2958338	2.6	0.6	0.6	1.6	463.5	391.2	1	0.40	
B20	1	8.8	0.3284455	2.6	5.4	2.4	1.2	451.1	362.5	0	1.80	
B21	1	10.2	0.696719	1.8	2.4	1.8	1	431.2	338.7	1	0.60	
B22	1	13	0.1587601	0.6	2.2	1.8	1.8	528	411.3	0	1.60	
B23	1	21.9	0.6492627	1.6	1.2	1.4	0.4	308.4	370.8	1	0.40	
B24	1	5.1	0.6221378	0.8	1.8	2.4	0.4	505.5	372.3	0	1.00	
B25	1	8.1	0.1160196	0.6	7.6	1.6	1.4	440.6	326	1	1.40	
B26	1	25.3	0.4148703	2.8	4.4	0.6	1.4	341.8	328.4	1	0.40	
B27	1	33.3	0.4893315	0.8	2.6	2.6	0.6	554.5	407.9	1	1.40	
B28	1	33.2	0.7223814	0.6	8.6	0.6	1.2	392.8	381.3	1	0.20	
B29	1	12.1	0.1188687	2.4	6	2.8	0	404.7	387.9	0	2.60	
B30	1	28.4	0.8924361	1.6	2.4	2.2	0.6	333.7	358.6	1	0.20	
B31	1	31.8	0.1276712	0.6	5.4	0.8	1.4	530.1	316.2	1	0.60	
B32	1	16.2	0.2710621	2.8	2.6	1.2	0.6	506.9	320.5	1	0.80	
B33	1	18.5	0.8692764	2.4	6.2	2.2	0.6	323.6	408.5	0	0.40	
B34	1	36.2	0.2184631	1.6	6.6	3	2	522.4	376.5	1	2.40	
B35	1	33.7	0.674915	1.8	4.2	1	0.4	357.8	293.4	1	0.40	
B36	1	18.1	0.4116614	0.8	1.8	1.2	1.6	395.3	374	1	0.80	
B37	1	13	0.8716177	2.2	2	1.8	0.2	448.2	344.9	1	0.20	
B38	1	29.5	0.3078102	2.4	8.4	2.4	0	354.8	342	1	1.60	
B39	1	18.8	0.170145	0.6	3	1.2	0.8	322.5	364.2	1	1.00	
B40	1	14.3	0.6733788	2.6	9.2	2	0.4	308.8	291.4	1	0.60	
B41	1	27.2	0.488326	1	9	1.8	1.2	379.5	317.1	1	1.00	
B42	1	8.5	0.732974	1.8	1.6	1.2	1.6	432.6	325.6	1	0.40	
B43	1	17.9	0.5129541	2.4	6.6	1	0.4	342	386.4	0	0.60	
B44	1	36.2	0.8978866	1.6	5.4	2	0.2	429.6	328	1	0.20	
B45	1	31.6	0.1344435	1.2	0.6	1	1.2	375.2	327.6	1	0.80	
B46	1	33.8	0.7941444	1.2	0.8	1.4	0.4	283.9	349.7	1	0.20	
B47	1	13	0.3042796	2.6	4.2	2.6	2	534.7	333.8	1	1.80	
B48	1	16.6	0.3284939	0.8	7	1.2	1.2	563	319.7	1	0.80	
B49	1	14.4	0.4930829	1.4	8.6	0.6	1.2	345	312.4	1	0.40	
B50	1	37	0.2912144	1.2	4.8	2.2	0.2	348.5	296	1	1.60	
B51	1	22.2	0.3847852	2.8	3.6	0.8	1.2	317	382.8	1	0.40	
B52	1	18.4	0.2683935	1.6	8	1.4	1.8	321.4	392.8	0	1.20	
B53	1	19.7	0.6341997	2.6	5.6	2.2	0.8	386	404.8	0	1.00	
B54	1	22.2	0.6143974	0.6	6	2.2	0.8	300.2	359.9	1	0.80	
B55	1	12.8	0.6671641	1.8	5.6	0.6	0.2	381.5	284.3	1	0.20	
B56	1	17.5	0.4621649	1.2	4.8	2.2	0.2	327.2	398.9	0	1.20	
B57	1	8.8	0.3746334	0.8	9.6	1.8	1.4	295.7	300.5	1	1.20	
B58	1	13.2	0.3482221	1.4	8.2	1.2	0.6	323.9	349.3	1	0.80	
B59	1	10.9	0.7690528	0.6	6.8	1.6	1.6	463.6	322.3	1	0.40	
B60	1	33.4	0.5993857	2	1.4	0.4	2	312.5	321.6	1	0.20	
B61	1	24	0.361789	0.8	5.6	2	0.8	432.5	364.8	1	1.20	
B62	1	26.2	0.4012759	0.6	4.4	1	1.8	478.1	409.1	0	0.60	
B63	1	17.9	0.3475468	1.8	8.6	1.6	1.6	327.4	308.4	1	1.00	
B64	1	29.8	0.5526484	1	1	0.6	1.2	528	337.8	1	0.20	
B65	1	28.3	0.4354704	2	2.4	1.2	2	286.4	342.9	1	0.60	
B66	1	18.4	0.7951046	2.2	1.2	2.6	0.2	292.5	413.7	0	0.60	
B67	1	34.9	0.3967998	2.2	3.4	1.4	1.2	426.4	408.4	1	0.80	
B68	1	8.3	0.5151881	1.2	9.6	1	0.8	329.9	315.8	1	0.40	
B69	1	36.6	0.8490283	2.2	2	2.4	2	318.3	407.1	1	0.40	
B70	1	31.8	0.1390254	3	1.6	1.2	1.4	404.9	339.6	1	1.00	
B71	1	21.9	0.7827038	0.6	5.8	1.4	1.4	550.2	327.5	1	0.40	
B72	1	20.2	0.5853725	2.6	6	1.2	1.8	336.9	290.3	1	0.40	
B73	1	30.4	0.8523124	2	0.6	0.8	1	451.7	399.4	1	0.20	
B74	1	34.4	0.4041978	1.4	3.6	2.6	1.8	565.2	422.9	0	1.60	
B75	1	25.6	0.8751045	0.8	4.2	1.8	1.2	536.9	348.8	1	0.20	
B76	1	22.4	0.3654328	2.2	4.2	0.8	1	511.7	332.2	1	0.60	
B77	1	34.1	0.4304861	3	6.6	2	1.8	547.3	413.6	1	1.20	
B78	1	15.4	0.3616954	0.4	3	1	0.2	486.9	366.9	1	0.60	
B79	1	12.2	0.8118394	1	9.2	2.4	1.6	532.5	292.7	1	0.40	
B80	1	35.9	0.2315804	2	8.6	1	2	476.3	302.7	1	0.80	
B81	1	18.3	0.5694878	2	7.2	1	0.2	540.4	319.1	1	0.40	
B82	1	16.7	0.5505625	1.6	9.2	2.8	0.6	519.7	409	0	1.40	
B83	1	7.9	0.7017251	2	3.4	0.4	1.4	532.6	418.9	0	0.20	
B84	1	32.3	0.2557274	2.2	2	2.6	0.6	342.6	316.7	1	2.00	
B85	1	8.3	0.3704778	0.6	5.4	2.2	1.4	512.9	285.3	1	1.40	
B86	1	24.4	0.8138302	2	8.6	2.2	1.8	508	402	0	0.60	
B87	1	19.6	0.1715834	1.6	9.4	2.2	0.2	546.8	359.1	1	1.80	
B88	1	14.4	0.5225166	2.4	1	2	0.2	285.6	346	1	1.00	
B89	1	15	0.6964062	0.8	4.4	0.6	1.6	518.2	308.8	1	0.20	
B90	1	22.3	0.4738264	1.8	1.4	1.6	0.8	477.5	360	1	0.80	
B91	1	8.6	0.3883961	1.4	8.6	2.2	0.6	308.3	403.2	0	1.40	
B92	1	7.7	0.7573988	3	4.2	2.4	1.2	454.3	401.1	0	0.60	
B93	1	13.5	0.6813783	0.6	2	0.8	0.4	326.2	320.8	1	0.20	
B94	1	27	0.775352	2	3.4	2.6	0.6	547.5	383.7	1	0.60	
B95	1	36.6	0.3369213	0.4	3.6	2.4	0.6	426.3	396.2	1	1.60	
B96	1	9.9	0.6278925	1.6	8.2	1.2	0.6	313.8	405.1	0	0.60	
B97	1	36.9	0.6450146	1.6	9.4	0.6	1	442.2	299	1	0.20	
B98	1	20.2	0.4006062	1.6	9	2.4	1.6	379.7	403.2	0	1.60	
B99	1	5.4	0.8449645	2.4	3	2.4	0.8	359.3	422.6	0	0.40	
B100	1	24.7	0.754141	1	6.8	1.8	0.2	424.4	299.9	1	0.40	
B101	1	33.8	0.7386966	1.4	4.2	2.2	0.6	362.3	403.7	1	0.60	
B102	1	30.7	0.1812905	0.6	2	2.8	1.2	334.7	404.9	1	2.20	
B103	1	21.6	0.4162865	1.4	9.8	2.4	0.6	483.6	381.9	1	1.40	
B104	1	17.3	0.7022028	1.2	3.2	2	0.4	356.2	387.7	0	0.60	
B105	1	14.5	0.3377996	0.6	8.6	1.8	0.4	504	422.4	0	1.20	
B106	1	15.3	0.6934026	2.8	7	1.4	0.4	329.5	360.7	1	0.40	
B107	1	12.8	0.4390628	1.6	7.4	1	0.6	406.5	380.2	0	0.60	
B108	1	13.8	0.2211921	1.2	1.8	1.6	1	308.4	303.3	1	1.20	
B109	1	9	0.6581477	1	3	1.2	2	382.4	375.1	0	0.60	
B110	1	35.3	0.2585767	1.8	9.2	1.8	0.6	299.7	283.3	1	1.40	
B111	1	28.9	0.4780034	0.6	8.6	1	1.8	309.3	317.6	1	0.60	
B112	1	9.8	0.2025043	2.8	4.4	0.8	0.6	487.3	358.6	0	0.80	
B113	1	16.8	0.3364263	2.8	8.6	2.2	0.4	389.9	387.2	0	1.60	
B114	1	17.2	0.2285494	1.2	9.6	0.4	0	315.7	347.2	1	0.40	
B115	1	36.1	0.8740138	2.2	3.4	1	1.8	301.9	393.5	1	0.20	
B116	1	10.7	0.7355321	2.8	3.2	2.2	0.8	514.3	290	1	0.60	
B117	1	13.4	0.6774268	2.2	1.6	1.2	0.2	427.7	378.1	0	0.40	
B118	1	19.5	0.8379519	1.4	5.6	1.8	1.4	303.3	415.7	0	0.40	
B119	1	7.3	0.3634635	0.8	3.4	2.4	0.2	441.5	419.5	0	1.60	
B120	1	7.3	0.4715659	2.4	2	2.2	1.4	544.8	363	0	1.20	
B121	1	13.9	0.4615468	1.4	1	1.2	1.4	397.8	410.7	0	0.80	
B122	1	11.1	0.6023224	0.8	7.2	2.8	0.4	304.9	391.7	0	1.20	
B123	1	8.3	0.2563306	2.8	4	0.8	1.8	329.3	347.5	0	0.60	
B124	1	35.9	0.5931555	1.8	2.2	3	1.2	349.3	310	1	1.20	
B125	1	28.4	0.3951926	0.6	7	0.8	1.2	383.7	423.6	0	0.60	
B126	1	20.9	0.5644648	0.8	4.6	1.6	1	412.2	317.6	1	0.60	
B127	1	34.7	0.6604552	1.4	2.8	0.6	1	479.2	283.2	1	0.20	
B128	1	24.1	0.5984947	3	9	0.8	1.8	496.4	319	1	0.40	
B129	1	19.3	0.1455637	2.6	1	0.4	1.6	546.5	312.5	1	0.40	
B130	1	12.6	0.6433107	0.8	3.4	1.8	0.8	417.3	328.4	1	0.60	
B131	1	21.2	0.1050219	1.6	9.6	2.2	0.6	529.5	306.6	1	2.00	
B132	1	20.3	0.5467082	2.2	0.8	1	0	431.7	407.4	0	0.60	
B133	1	13.9	0.198218	2.2	4.4	2.4	0.6	493.6	333.1	1	2.00	
B134	1	36.6	0.607179	1.6	7.6	0.8	0.4	360.1	350.2	1	0.40	
B135	1	24.9	0.7652587	0.8	3.2	1.6	1.2	522.4	405.3	0	0.40	
B136	1	17.1	0.3051304	2.4	7	2	1.8	481.5	341.7	1	1.40	
B137	1	6	0.660478	0.6	5.4	0.6	1.6	419.7	419.2	0	0.40	
B138	1	36.7	0.2364286	0.4	6.4	1.8	0.6	376.3	299.4	1	1.40	
B139	1	23.2	0.5016409	2.8	5.6	2	0	481.7	365.4	1	1.00	
B140	1	31.7	0.1017556	2.6	1.8	2.2	0.2	506	334.9	1	2.00	
B141	1	18.9	0.7301809	1.4	7.2	2.6	1.8	362.4	335.8	1	0.80	
B142	1	28.5	0.7607286	2.6	10	2.2	0	431.9	388.6	1	0.60	
B143	1	22.4	0.2221152	1.6	0.6	2.6	1.8	435	343.4	1	2.00	
B144	1	19.5	0.2829425	1	6.6	1.6	1	315.6	333.9	1	1.20	
B145	1	20.7	0.1139264	0.8	1.4	1.2	1.2	328.6	312	1	1.00	
B146	1	19.7	0.1081651	2.6	6.2	0.6	1.4	572.9	358.1	1	0.60	
B147	1	29.6	0.4935249	2.8	2	2.8	0.4	513.9	320.1	1	1.40	
B148	1	13.2	0.4006658	2.8	0.6	1.2	0.4	442.1	322	1	0.80	
B149	1	30.7	0.1538231	1.2	4	0.4	0.8	547	351.9	1	0.40	
B150	1	24	0.8281839	1	2	1.8	0.4	557.4	291.1	1	0.40	
B151	1	29.1	0.2094898	1.8	5.6	2	0.2	525	363.5	1	1.60	
B152	1	35.7	0.8386	1.2	5	1.4	1.4	433.5	387.4	1	0.20	
B153	1	29.7	0.551719	1.8	3.2	2.4	0.4	292.2	398.5	1	1.00	
B154	1	8.6	0.8782968	3	6.8	0.8	1.6	430	315	1	0.20	
B155	1	10.3	0.5984985	2	6.6	0.8	0.6	471.8	283.1	1	0.40	
B156	1	20.9	0.2836846	1.4	1.8	1	0.2	492.6	343.8	1	0.80	
B157	1	22.8	0.1011389	2.4	7.8	0.8	1.2	308.9	413.3	0	0.80	
B158	1	16.9	0.2292738	2.4	1.6	2.6	1.2	391.1	410.7	0	2.20	
B159	1	34.9	0.2986958	0.6	2	1.8	1.2	521.2	319.8	1	1.20	
B160	1	10	0.4187185	0.8	10	1.6	0.4	456.1	422.4	0	1.00	
B161	1	6.6	0.7506765	1.2	7.8	2	0.2	545.2	395.8	0	0.60	
B162	1	36.5	0.5463775	2.8	1.6	1.2	1.2	363.6	342.2	1	0.60	
B163	1	30.7	0.3324022	2.6	7	1.2	0.2	356.1	385.6	1	0.80	
B164	1	11	0.5858177	2.4	2.4	2.8	0	496.7	338.5	1	1.20	
B165	1	5.4	0.8287709	2.4	8.8	1.6	0.6	370.1	350.4	0	0.40	
B166	1	19.6	0.4035948	2	2.2	2.4	0.6	414.4	289.3	1	1.40	
B167	1	21.6	0.230469	2.2	4	1.2	0.8	339.7	380.9	1	1.00	
B168	1	20.4	0.3357054	1.8	7.4	2.2	1.8	410.7	418.1	0	1.60	
B169	1	18.3	0.7455575	2.4	5.2	0.8	1	415.2	388	0	0.40	
B170	1	14.2	0.2459401	1.6	8.6	1.8	1	457.3	422.7	0	1.40	
B171	1	28.2	0.4370778	2.8	9.8	2.4	1.2	316.6	364.3	1	1.40	
B172	1	18.9	0.7365572	0.8	7.8	2.8	2	369.6	362.1	1	0.80	
B173	1	23.3	0.3320286	1.8	2.6	1.8	1.2	525.8	407.5	0	1.40	
B174	1	28.9	0.6926961	2	6.4	1.4	1.6	330.8	336.9	1	0.40	
B175	1	8.6	0.6977027	1.2	7.6	2.6	1.6	314.6	307.2	1	0.80	
B176	1	21.4	0.3534536	2.4	7.6	1.8	0.8	354.3	355.2	1	1.20	
B177	1	27.4	0.6680979	2.2	9.2	0.6	0.2	415.6	333.7	1	0.20	
B178	1	12	0.7300118	2.8	6.6	2.4	0.4	452.7	391.6	0	0.80	
B179	1	31.1	0.1293221	2	3.4	2	1.4	467.1	349.1	1	1.80	
B180	1	35.5	0.3261396	1.8	3.6	2.8	1.4	397.9	372.6	1	1.80	
B181	1	14.4	0.6840715	1.4	2.8	2	1	304.4	285.3	1	0.60	
B182	1	26.7	0.1535604	1.2	8.4	3	1	533	381	1	2.60	
B183	1	9.7	0.2561388	0.8	4.6	3	1.4	518.7	354.7	0	2.40	
B184	1	25.1	0.7688613	2.4	6	1.8	0.4	302.5	347.9	1	0.40	
B185	1	6.6	0.2013609	1.2	6.2	1	0.2	445.5	406	0	0.80	
B186	1	10.7	0.438362	1.6	0.6	1.6	1.2	339.1	295.3	1	0.80	
B187	1	15.4	0.8145446	2.6	2.4	3	1.4	363.6	315.3	1	0.60	
B188	1	15.9	0.7554094	2	0.4	0.8	1.8	480	362	1	0.20	
B189	1	16.1	0.6788958	2.6	7.8	1.8	0.2	503.4	405	0	0.60	
B190	1	21.7	0.525449	1.4	7.2	2.4	0.6	324.9	417.1	0	1.20	
B191	1	6.9	0.3097552	1.2	0.8	2.6	0.4	360.6	342.3	0	1.80	
B192	1	26.9	0.1325472	0.8	6.4	2.4	1.6	438.6	385.8	1	2.00	
B193	1	25.2	0.4800648	1.4	9.4	2.2	1.8	458.8	320.8	1	1.20	
B194	1	28.1	0.2992327	1	9	1	0.6	331.1	409.3	0	0.80	
B195	1	16.9	0.5171439	3	4	2.4	0.4	436.6	400.9	0	1.20	
B196	1	33.8	0.706917	2.4	2	2	1.4	483.8	341.9	1	0.60	
B197	1	16	0.2180514	2.2	5.2	3	1.4	556.6	413.1	0	2.40	
B198	1	35.5	0.8953903	2.2	9.6	1	0.8	344.4	289.5	1	0.20	
B199	1	24.4	0.5576909	0.6	4.4	2.8	1.6	345.5	316.5	1	1.20	
B200	1	28.8	0.2770401	2	8.6	1.6	1.4	529	373.2	1	1.20	
B201	1	16.9	0.2329076	1.4	1.4	1.4	1.8	494.4	329.4	1	1.00	
B202	1	5.6	0.7284378	3	1.2	0.4	0	476.3	346	0	0.20	
B203	1	29.6	0.1886352	2.2	4	2	1.6	379	409.3	1	1.60	
B204	1	35.7	0.2253263	1.8	3	0.8	1.6	306.2	393.1	1	0.60	
B205	1	20.6	0.4687073	2.6	9.6	0.4	1.6	359.5	376.6	1	0.20	
B206	1	21.7	0.3747719	1	4.6	3	1.8	356.6	359.6	1	1.80	
B207	1	33.8	0.6787443	2.6	6.8	2.4	0.2	416.3	328.6	1	0.80	
B208	1	33.6	0.6138788	3	7.2	0.6	1.8	329.3	368.8	1	0.20	
B209	1	33.6	0.3658967	2.2	1.4	1	1.8	397.7	334.4	1	0.60	
B210	1	30.3	0.7111144	0.4	3.8	0.6	0.8	426.5	348.2	1	0.20	
B211	1	8.3	0.1988363	2.2	4.6	1.2	2	334	299.5	1	1.00	
B212	1	25.1	0.3504186	1.4	5.2	1.8	0.2	492.1	308.6	1	1.20	
B213	1	17.7	0.3574845	0.4	7.8	3	1	290.3	367.6	1	2.00	
B214	1	31.8	0.587667	2.6	3.8	2.2	1.6	295.5	293	1	1.00	
B215	1	29.2	0.1869355	1.8	0.8	2.6	1.2	418.9	333.2	1	2.20	
B216	1	33.2	0.1378062	1.6	6.4	2.4	1.6	351.5	307.8	1	2.00	
B217	1	18.4	0.2635818	3	5.2	0.4	2	498.4	353.3	1	0.20	
B218	1	14.4	0.4986611	2.2	8.4	2.6	1.6	288.1	396.7	0	1.40	
B219	1	10.4	0.8517231	1	7.4	0.8	0	540.4	333.9	1	0.20	
B220	1	24.4	0.6487039	2.4	3.8	2.4	1	486.8	311	1	0.80	
B221	1	14.8	0.4968932	1.6	9.4	2.2	1.2	545	377.1	0	1.20	
B222	1	13.2	0.7099868	3	8.4	2.4	0.4	404.3	371.3	0	0.80	
B223	1	36.5	0.4921459	2.4	2.2	1.2	1.8	477.9	343.9	1	0.60	
B224	1	11.2	0.3359482	0.6	1.2	1.6	2	287.1	373.7	0	1.20	
B225	1	15	0.3865794	0.6	3.4	0.6	1.6	451.7	358.1	1	0.40	
B226	1	17.6	0.6630278	1.8	6.6	0.6	1.8	548.3	338	1	0.20	
B227	1	27.5	0.2299885	1.6	7	1	0.6	561.5	293.2	1	0.80	
B228	1	20.8	0.703489	3	2.6	2.2	1.2	413.7	340.4	1	0.60	
B229	1	21.4	0.7241815	2.2	2.8	1	2	314.4	396.6	0	0.40	
B230	1	30.1	0.7902099	1	8.8	1	1.8	370	285.8	1	0.20	
B231	1	10.9	0.2742673	2	0.6	1.6	1.6	424.4	349.7	1	1.20	
B232	1	25.5	0.5717033	1.2	1.6	2.8	1.2	372.1	334	1	1.20	
B233	1	28.2	0.6392752	0.8	7	3	1	503.8	371.2	1	1.00	
B234	1	25.8	0.1456796	2.4	8.8	1.2	0.4	438.8	399.7	1	1.00	
B235	1	19.4	0.2112801	0.6	4.6	1.8	1.2	403.5	333.2	1	1.40	
B236	1	23.2	0.4422098	0.6	3.2	2.2	0.6	432.3	358.5	1	1.20	
B237	1	11.2	0.1191941	0.8	2.6	2.8	0.8	314.5	393.1	0	2.60	
B238	1	12.7	0.6723985	1.6	1.4	2.8	1.4	483.6	413.5	0	1.00	
B239	1	21.8	0.5037858	3	0.8	2.2	1.2	369.7	342.4	1	1.00	
B240	1	35.9	0.331111	1.8	4	1.2	0	356.6	346.6	1	0.80	
B241	1	36.2	0.5720375	2.4	2.6	2.8	0.6	350	417.7	1	1.20	
B242	1	16.4	0.5505956	0.8	5.6	2	1.6	293.2	284.5	1	0.80	
B243	1	24.4	0.3915845	0.6	9.8	2.4	0.8	359.5	317.9	1	1.40	
B244	1	15.3	0.5632015	1.4	6.2	1.4	0.8	337.7	391.3	0	0.80	
B245	1	5.2	0.3533294	0.8	2.6	1.4	1.2	386.3	339.3	0	1.00	
B246	1	15.2	0.4638277	2.2	2.6	1.8	0.4	430.6	379.9	0	1.00	
B247	1	10.4	0.1079676	2.4	5.4	2.8	1.8	326.3	328.7	1	2.40	
B248	1	8.4	0.720006	2.6	1.8	1.2	0.4	532	381.9	0	0.40	
B249	1	19.4	0.367792	2	1.4	0.4	0.4	530.3	399.8	0	0.40	
B250	1	8.5	0.2377417	1.6	7	2.6	2	491.1	382.4	0	2.00	
B251	1	35.9	0.706808	2.2	0.6	1.2	1	324	379.1	1	0.40	
B252	1	25.5	0.531642	1.8	2.4	0.4	0.4	483.8	421.1	0	0.20	
B253	1	26.6	0.1353245	2.8	0.4	1	0.4	516.3	366.6	1	0.80	
B254	1	25.9	0.775747	2	0.6	2.6	1.8	530	291.1	1	0.60	
B255	1	33.3	0.4207236	2.2	1.6	1.4	1.6	491.9	416.3	1	0.80	
B256	1	5.3	0.8114934	1.4	7.4	0.4	0.4	512.9	409.2	0	0.20	
B257	1	9.3	0.897282	2	9.8	0.4	1.4	397.6	394.5	0	0.20	
B258	1	27.3	0.8648502	3	8	1	1.2	469.4	324.7	1	0.20	
B259	1	35.1	0.7380688	2.8	1.2	2	0.2	288.4	378.4	1	0.60	
B260	1	5.2	0.2042504	2.6	0.8	0.4	1.4	537.5	325.8	0	0.40	
B261	1	10.9	0.3753543	0.6	9.2	1	1.2	292.9	399.4	0	0.80	
B262	1	8.1	0.7289988	0.6	6.6	1.2	0.2	345.1	368.8	0	0.40	
B263	1	35	0.4094101	1.2	1.4	1.4	1.4	366.1	302	1	0.80	
B264	1	19.2	0.7769392	2.8	2.4	2.6	1.8	402.9	322.7	1	0.60	
B265	1	6.8	0.2532751	0.6	9.4	2.6	0.2	397.3	361.4	0	2.00	
B266	1	34	0.1169136	2.4	7.4	3	1	463.5	287.8	1	2.60	
B267	1	21.5	0.6955436	0.4	7.6	2.6	2	491.4	351.1	1	0.80	
B268	1	21.6	0.8531386	1.4	3.8	2.4	0.8	503.3	314.6	1	0.40	
B269	1	35.8	0.5008392	1.8	8	1.4	1.6	373	303.4	1	0.60	
B270	1	9.5	0.7926033	2.8	0.6	1	1.8	525	326.3	1	0.20	
B271	1	11	0.447444	3	5	1.2	1	461.2	310.6	1	0.60	
B272	1	23.5	0.8147992	2.6	9.8	1.8	0.2	518.4	382.8	1	0.40	
B273	1	19.5	0.6219419	1.6	8.6	1.8	1.4	492.8	408.8	0	0.80	
B274	1	23.1	0.2852857	2.6	1	1.4	0.4	288.1	344.8	1	1.00	
B275	1	31.6	0.6699412	1.2	3.6	0.6	1.4	311.5	293.1	1	0.20	
B276	1	27.5	0.4751488	2	5.4	2.6	1.8	293.7	358.3	1	1.40	
B277	1	28	0.3695218	0.4	3.2	2.8	0	543.5	321.9	1	1.80	
B278	1	28.2	0.5698572	1.2	6.8	1.6	0.8	452.3	350.5	1	0.60	
B279	1	17.7	0.6626863	2	8.2	0.8	0.4	424.1	286.2	1	0.20	
B280	1	23.1	0.3463149	1.4	8	1	0.6	508.1	387.7	1	0.60	
B281	1	35.2	0.4470365	1	9.4	1.4	1	361.5	286.5	1	0.80	
B282	1	7.8	0.16141	1.6	5.8	1.4	1.8	548.4	376.3	0	1.20	
B283	1	8.1	0.4510849	0.4	4.4	0.6	2	310.1	384.3	0	0.40	
B284	1	19.7	0.5094754	1.6	5	2.6	1.2	359.6	406.2	0	1.40	
B285	1	19.5	0.2729775	1.2	3.6	1.2	0	351.2	421.5	0	1.00	
B286	1	22	0.827739	1.4	6.8	2	1.4	412.4	407.8	0	0.40	
B287	1	30.8	0.8985814	0.4	5.6	0.6	1.4	367.4	366.3	1	0.20	
B288	1	36.8	0.2221268	0.6	7.8	2.2	1.2	491.4	387	1	1.80	
B289	1	36.5	0.4675658	2	4.6	0.8	1.4	495.3	369.8	1	0.40	
B290	1	13.6	0.6651195	1	4	0.8	1.8	435	372.5	0	0.40	
B291	1	32.8	0.3660838	2.6	3.6	0.6	1.2	520.5	370.9	1	0.40	
B292	1	27.7	0.3655746	3	5.8	0.6	1.6	388.8	371.6	1	0.40	
B293	1	12.4	0.8892712	1.4	4.2	1	1.6	560.6	302.6	1	0.20	
B294	1	30.9	0.4567947	0.6	7.8	1.8	0.6	555.4	285.9	1	1.00	
B295	1	16.8	0.5238622	2.6	5.4	2.4	1.2	325.6	395.1	0	1.20	
B296	1	31.6	0.5003788	0.6	7.2	1.2	0.8	323.3	402.8	1	0.60	
B297	1	20.6	0.5941719	1.8	7.8	2.4	1.8	558.5	422.8	0	1.00	
B298	1	12.1	0.8002684	1.6	2.2	1.8	0.6	334.4	423.7	0	0.40	
B299	1	23.6	0.6299558	2.2	3.8	0.6	0.6	516.9	397.8	0	0.40	
B300	1	17	0.5359261	2.4	6.2	1.4	1.8	298.4	308.3	1	0.60	
B301	1	31.2	0.8291018	0.6	8.6	1	2	389.3	320.7	1	0.20	
B302	1	27.8	0.2505884	3	7.8	1.6	0.8	404.1	420	0	1.20	
B303	1	34.1	0.1906707	2.8	1.4	1.4	0.8	472.4	293.7	1	1.20	
B304	1	9	0.63524	2.2	9.8	1	1.2	369.5	333.5	1	0.40	
B305	1	12.2	0.7443712	0.8	4.6	1.6	1	502.1	303.8	1	0.40	
B306	1	35.1	0.8170294	0.6	1	2	1.6	358.3	393.4	1	0.40	
B307	1	26.5	0.2214165	2	3.8	2.2	0.6	316	335.6	1	1.80	
B308	1	7.3	0.351871	1.4	3	2.8	1.2	294.8	377.2	0	2.00	
B309	1	27.9	0.8840497	2.2	3	2.2	0.2	360.3	397	1	0.20	
B310	1	6.3	0.7600505	2.8	1	2.2	1	453.1	305.7	1	0.60	
B311	1	30.2	0.5493444	1.4	7	1.8	1.8	315.2	407.8	1	0.80	
B312	1	15.4	0.857195	0.6	4	1	1	538.6	343.6	1	0.20	
B313	1	8.3	0.112133	2.6	1.2	2.6	1	477.9	382	0	2.40	
B314	1	20.1	0.4402282	1.6	2.4	2.4	0.6	531	414.6	0	1.40	
B315	1	14.9	0.172491	2.2	5	2	0.2	438.7	376.8	0	1.80	
B316	1	23.9	0.8745944	1.2	2.4	1.4	0.6	355.5	354.9	1	0.20	
B317	1	13.8	0.2789721	2.8	10	2.4	1.6	325.1	413.9	0	1.80	
B318	1	22.5	0.3690848	3	8	2	0.6	543	378.7	1	1.20	
B319	1	35.2	0.6526141	1	4	0.4	0.4	475.3	424.4	0	0.20	
B320	1	20.2	0.2867566	0.4	7.8	0.4	1.6	433.9	289.4	1	0.20	
B321	1	27.6	0.158623	2.6	5	1.2	1	283.6	348.1	1	1.00	
B322	1	29	0.1095056	2.8	1.8	1.2	1.8	465.5	395.4	1	1.00	
B323	1	23.9	0.7582667	2.2	6.4	1.6	1.4	407.6	368.1	1	0.40	
B324	1	22.6	0.8501493	3	4.4	2.2	1.2	562.4	368.7	1	0.40	
B325	1	36.4	0.8687301	2.6	2.2	2	1.2	416.2	324.8	1	0.20	
B326	1	15.1	0.626523	2.8	5.6	3	1.2	286.2	363.6	1	1.20	
B327	1	5.9	0.3585654	1	6.8	0.4	0.2	429.9	303	1	0.20	
B328	1	27.6	0.7286859	2.6	8.2	2.2	0.4	437.7	358.9	1	0.60	
B329	1	18.1	0.2035074	1.4	9.2	2.2	2	300.9	344.9	1	1.80	
B330	1	13.2	0.1468082	1.8	2.4	1.2	1.4	401.8	378.9	0	1.20	
B331	1	25.3	0.2215432	1	7.2	1.2	0.6	532.5	387.2	1	1.00	
B332	1	24.1	0.5751629	2	2.8	1.6	0.8	438.8	381.5	1	0.60	
B333	1	36.3	0.5961341	2.4	7	1	1.2	491	416.9	1	0.40	
B334	1	16.8	0.3589262	0.6	1.8	1.2	1.6	521	406.6	0	0.80	
B335	1	11.7	0.6320435	1.4	4.6	2	0.6	417.4	397.7	0	0.80	
B336	1	17.2	0.1897946	1.6	9	1	0.2	475.1	416.9	0	1.00	
B337	1	15.9	0.2446707	0.6	4	2	0.2	541	324.4	1	1.60	
B338	1	28.8	0.8200777	0.8	8.6	2.6	0.4	490.3	350.1	1	0.40	
B339	1	8.7	0.6358272	0.6	1.4	2.2	0.6	410.5	355.3	0	1.00	
B340	1	11.9	0.8903552	0.8	4	3	0.6	540.4	400.6	0	0.40	
B341	1	18.6	0.4551039	2	4	2.4	0.8	283.8	319.5	1	1.40	
B342	1	17.4	0.4918827	1.8	4.6	2.6	1.6	477.8	359.6	1	1.40	
B343	1	15.3	0.6885572	2	4	1	0.2	393.5	376	0	0.40	
B344	1	35.7	0.1243763	2.8	4.6	2.4	1.4	567.6	315.9	1	2.20	
B345	1	7.6	0.5051328	1.8	9.4	1.6	2	383.8	310.3	1	0.80	
B346	1	34.8	0.523423	0.8	7.8	2.6	1.2	435.8	293.4	1	1.20	
B347	1	16.9	0.3612742	3	9.8	2.4	0	411.5	304.6	1	1.60	
B348	1	19	0.5884457	2	9.2	2.2	1	461.7	421	0	1.00	
B349	1	20.3	0.5651358	1	2	2.2	1.6	398.7	384.5	1	1.00	
B350	1	9.8	0.2368988	2	6.4	0.6	0.8	485.5	379.5	0	0.60	
B351	1	11.2	0.4763137	1.2	2.2	2.2	2	453.7	417	0	1.20	
B352	1	13.5	0.7495855	1	1.6	1.4	1	439.7	355.2	1	0.40	
B353	1	19.2	0.1883847	1	8.6	1.8	1.2	511.6	387.6	0	1.60	
B354	1	17.3	0.1669663	1.6	8.6	2	0.8	340.1	368.9	1	1.60	
B355	1	12.8	0.4613351	0.8	3	2	0.6	433.2	366.4	0	1.20	
B356	1	7.7	0.5542352	2.4	8	3	0.2	460.3	395.1	0	1.40	
B357	1	16	0.6373024	2.6	3	1	0.4	311.4	296.7	1	0.40	
B358	1	11	0.6017788	0.4	4.4	2	0.2	445.7	404.8	0	0.80	
B359	1	17	0.2377104	1	4.8	0.6	0.4	445.5	372.2	1	0.40	
B360	1	18.3	0.4454515	2	1	0.6	1	502.9	330.3	1	0.40	
B361	1	6.9	0.26576	1.8	5	2.2	0.8	531.3	343.3	0	1.80	
B362	1	35.2	0.3060238	3	4.6	1.4	0.6	471.8	333.3	1	1.00	
B363	1	7.1	0.6705734	2.4	3.4	2.8	1.4	472.5	331.2	1	1.00	
B364	1	15.7	0.2706188	1.6	6.6	2.6	0.8	526.8	291.4	1	1.80	
B365	1	5.6	0.4227805	0.8	6.4	2	2	349.2	380	0	1.20	
B366	1	33.7	0.3216788	1.4	4.8	1.4	0	566.5	333.5	1	1.00	
B367	1	9.3	0.5416223	2.2	6.4	1	1	493.8	308.4	1	0.40	
B368	1	36.4	0.4371981	1.2	6.8	1.2	0.8	365.8	353.7	1	0.60	
B369	1	15.4	0.7538028	0.4	6.8	1.8	0.6	459	377.5	0	0.60	
B370	1	16.5	0.5355824	2.2	8.2	2.6	0.6	557.5	404.2	0	1.40	
B371	1	19.2	0.6528177	1.6	8	2.8	0.4	519.6	389.5	0	1.00	
B372	1	36.8	0.5184859	1	7.6	1.4	1.4	565.5	371.8	1	0.60	
B373	1	35.3	0.2450142	2	5.6	1.2	0.4	364.3	410.7	1	1.00	
B374	1	5.4	0.3004234	2.8	2.8	1.8	0	313.4	423.3	0	1.40	
B375	1	30.3	0.7692043	1.2	6.4	0.8	1.8	468.1	355.7	1	0.20	
B376	1	29.1	0.2859557	1	7	2.2	0.8	570.4	348.5	1	1.60	
B377	1	6.5	0.6020513	0.6	7.4	2.2	0	441.2	342.7	0	1.00	
B378	1	23.2	0.8276765	2	8.6	1.2	1.2	572.6	422.7	0	0.40	
B379	1	13.3	0.8138623	2.8	3.2	2	1.4	496.3	365.5	1	0.40	
B380	1	10	0.5830446	1.2	9	1.4	2	514.7	312.7	1	0.60	
B381	1	28	0.2647693	2.4	2.4	1.4	2	499.8	329.2	1	1.00	
B382	1	30	0.3122582	1.2	1.8	1.4	0.8	413.1	348.8	1	1.00	
B383	1	32.9	0.46321	0.4	9.6	1	0.6	301.3	360.1	1	0.60	
B384	1	5.1	0.2937353	2.8	9.2	2	1.2	437.3	421.5	0	1.60	
B385	1	17.6	0.5485378	1	5.2	1.6	1.8	570.9	349.4	1	0.80	
B386	1	31.3	0.2789519	3	2.6	2.8	0.8	568.1	315.3	1	2.00	
B387	1	33.9	0.1205874	2	2	2.2	1.8	421.9	349.3	1	2.00	
B388	1	31.7	0.7211708	1.4	3.2	2.6	1.4	536.7	287.2	1	0.80	
B389	1	35.9	0.4384692	2.6	4.8	0.8	1.2	321	306	1	0.40	
B390	1	22.5	0.3279276	2.6	4.8	3	1.4	489.7	304.1	1	2.00	
B391	1	22.4	0.7038259	0.8	7.8	2.8	1.8	367.2	330.7	1	0.80	
B392	1	22.1	0.8268229	1.4	5.6	2	0.8	550	346.3	1	0.40	
B393	1	35.3	0.7371354	2	3.2	1.6	0.6	430.2	420.2	1	0.40	
B394	1	26.7	0.2461988	0.6	4.4	0.8	2	386.5	364.8	1	0.60	
B395	1	13.3	0.8683059	1.8	4	2.6	1.2	330.4	300.9	1	0.40	
B396	1	26.8	0.8017458	2.8	6.6	2.4	1.2	283.7	317.7	1	0.40	
B397	1	31.8	0.8915224	1.8	7.6	1.8	0.2	378.1	345.2	1	0.20	
B398	1	29	0.5515453	1.6	8.2	1.6	1.6	388.4	415.8	0	0.80	
B399	1	11.4	0.4422479	1	1.4	2.2	0.2	363.5	354.1	1	1.20	
B400	1	12.2	0.8855122	3	3.2	1	0.6	306.9	343.3	1	0.20	
B401	1	28.9	0.537446	2.6	3	1.4	0.8	295.1	347.1	1	0.60	
B402	1	15.6	0.1461685	1	8	2	0.6	348.2	306.2	1	1.80	
B403	1	19.4	0.590206	0.4	6.4	2	0.8	532	394.2	0	1.00	
B404	1	11.5	0.4516451	2.8	0.8	2.6	0.4	555.1	328	1	1.40	
B405	1	12.4	0.3849752	1.8	5.6	2.8	0.6	429.3	351.9	1	1.80	
B406	1	10.9	0.3699182	2.2	8.8	1.6	1.4	509.7	365.7	0	1.20	
B407	1	17.8	0.1004957	2.6	4.2	1.4	0.6	304	323.1	1	1.20	
B408	1	28.5	0.1697193	1	7.2	0.4	0.2	330.3	323	1	0.40	
B409	1	30.6	0.8076123	1.6	4.4	0.8	1.2	363.6	407.6	1	0.20	
B410	1	18	0.5563132	2.4	0.8	1	1.2	505.8	392.1	0	0.60	
B411	1	9.3	0.5677158	2.2	2.4	1.4	0.4	369.5	337.9	1	0.60	
B412	1	18.1	0.5376685	0.8	4.8	2.2	0.4	422.2	416.6	0	1.20	
B413	1	9.9	0.2043834	1	7	3	1.6	531	292.9	1	2.40	
B414	1	33.2	0.848531	2.4	5.6	2.4	0.2	358.7	378.4	1	0.40	
B415	1	17.7	0.182339	0.8	2.2	1.8	1.8	345.9	381.8	0	1.60	
B416	1	30.3	0.4924349	2.8	3.2	1.8	0.8	462.4	301.2	1	1.00	
B417	1	20.9	0.3123165	1.4	8.4	2	1	357.1	351	1	1.40	
B418	1	33.9	0.3438729	1	9.2	1	0.8	481.6	376	1	0.60	
B419	1	5.4	0.2023468	2.6	3.4	1.2	0.4	542.7	363.2	0	1.00	
B420	1	35.7	0.646336	0.8	7.8	2.6	0.4	457.9	338	1	1.00	
B421	1	33.3	0.3284555	1.8	4.8	2.8	0.8	485	335.1	1	1.80	
B422	1	10.7	0.2465489	1.2	2.6	1.8	0.4	441	384.1	0	1.40	
B423	1	25.9	0.7911593	0.4	2.4	1.2	0.4	430.2	380	1	0.20	
B424	1	35.2	0.145379	1.4	9.4	0.4	0	419.6	389	1	0.40	
B425	1	13.8	0.4739274	0.4	4	1.4	0.4	531.4	286.4	1	0.80	
B426	1	23.6	0.2832752	2.4	2.2	2	1	400.1	339.8	1	1.40	
B427	1	14.8	0.7491859	3	7.2	1.4	1.4	413	418.6	0	0.40	
B428	1	20.7	0.6837366	2.8	6.4	1	0.8	413.5	401.6	0	0.40	
B429	1	32.3	0.8462109	1.6	1.4	2.2	1.2	564.4	321.5	1	0.40	
B430	1	15.6	0.5808243	2.6	0.8	0.8	1.4	328.1	397.3	0	0.40	
B431	1	9.8	0.5230966	2	2.6	1.4	1.8	474.7	323.9	1	0.60	
B432	1	16.4	0.3252576	1.2	8.4	1.8	0.6	443.3	295.6	1	1.20	
B433	1	15	0.1826525	1.6	1.6	2.2	2	459.2	367.8	1	1.80	
B434	1	15.7	0.5663512	0.6	8.4	2.4	1.2	553	377.4	0	1.20	
B435	1	27	0.21537	1.8	3.8	0.6	0	336.4	412.5	0	0.60	
B436	1	21.2	0.207203	1.8	3.2	0.8	1.4	497.4	355.2	1	0.60	
B437	1	15.6	0.3703096	1.8	2.6	2.2	0.8	369.6	290.9	1	1.40	
B438	1	31.6	0.4940631	1.2	9.6	1	1.2	419.2	326.4	1	0.60	
B439	1	7.3	0.4158039	2.4	5.4	1	1.8	522.8	354.3	0	0.60	
B440	1	8.5	0.4556198	2.8	4.6	2.8	1.2	320.9	322.9	1	1.60	
B441	1	21.7	0.135464	2.6	2	0.6	0.8	323.9	313.1	1	0.60	
B442	1	35.4	0.6587805	3	1	2.6	0.4	345.9	332.9	1	0.80	
B443	1	32.1	0.8455844	1	9.8	2.8	1.8	566.8	399.3	1	0.40	
B444	1	7	0.885443	1	3.8	0.8	1.6	285.9	325.3	1	0.20	
B445	1	19.4	0.5255238	2.6	4.6	1.2	1.6	384	397.5	0	0.60	
B446	1	31.9	0.8504257	1.6	4	1.6	1	295.6	385.4	1	0.20	
B447	1	25.6	0.5096293	2.2	8.8	2.6	1.4	458	391.8	1	1.20	
B448	1	24.8	0.6433991	2.8	3.4	2.2	1.4	469.9	286.2	1	0.80	
B449	1	12.4	0.4804928	2.6	1	2.6	1.6	395.9	349.2	1	1.40	
B450	1	32	0.5959449	2.8	4.8	0.6	0.6	483.6	365.1	1	0.20	
B451	1	23.5	0.2691343	0.6	9.8	2	0.4	511.3	317.6	1	1.40	
B452	1	24.6	0.7867591	1.2	1.2	2	1.8	294.6	333.3	1	0.40	
B453	1	19.7	0.1404479	0.6	6.8	1	0.4	306.4	367.3	1	0.80	
B454	1	25	0.3931152	2	3.2	2.4	0.6	470.8	295.7	1	1.40	
B455	1	35.2	0.5427397	0.6	5.8	2.8	1.2	535	329.4	1	1.20	
B456	1	29.4	0.1379301	1	6.4	0.6	0.4	410.5	306.3	1	0.60	
B457	1	21.1	0.2747761	0.8	5.4	1.6	0.8	551.9	338.1	1	1.20	
B458	1	20.7	0.2752003	2.4	1.6	1	1.4	318	390.4	0	0.80	
B459	1	18.5	0.8531598	1.6	3.8	1.8	1.6	360.9	348.7	1	0.20	
B460	1	11.8	0.1428911	2.8	7.6	0.6	0.6	504	410	0	0.60	
B461	1	14.6	0.7132971	2.4	4.6	2.2	1	432.8	412.6	0	0.80	
B462	1	21.2	0.5065368	1	7.2	2.8	0.8	503.4	360.8	1	1.40	
B463	1	36.3	0.1684861	2.8	8.2	2.8	0.4	442.6	380	1	2.40	
B464	1	19.6	0.5666169	1	4.4	1.2	0.8	463.6	289.4	1	0.60	
B465	1	32.1	0.4996455	1	4.8	0.6	1.6	417.1	354.4	1	0.40	
B466	1	12.8	0.6732625	2.6	8.4	0.6	1.8	550.4	285.2	1	0.20	
B467	1	34.3	0.2655997	0.8	6	2.8	0	298.2	303	1	2.00	
B468	1	8.1	0.3996724	2.4	7.6	0.8	1.8	571.8	321.6	1	0.40	
B469	1	31.1	0.3280269	2.8	1.8	1.4	1.2	470.8	285	1	1.00	
B470	1	19.6	0.2806347	1.2	0.8	1.6	0.8	564.7	334.5	1	1.20	
B471	1	24.1	0.6565272	2.8	8.4	0.8	1.6	462.4	363.5	1	0.20	
B472	1	35	0.2052021	2.4	6.4	2.2	1	447.1	347.4	1	1.80	
B473	1	31.5	0.4483091	0.8	1.4	1	0.8	393.8	364	1	0.60	
B474	1	20.7	0.5038821	2.8	2.2	0.8	0	572.3	399.2	0	0.40	
B475	1	9.6	0.3208695	2.6	2.2	0.4	0.8	414.4	303.9	1	0.20	
B476	1	17.9	0.2711752	2.4	2.2	2	1.6	298.6	309	1	1.40	
B477	1	11.1	0.5951846	2.4	9.8	0.4	1	475	284.3	1	0.20	
B478	1	6.3	0.5954312	1	6.4	0.8	1.6	363.3	340.5	0	0.40	
B479	1	5.6	0.1383854	2	1.2	1.8	2	331.9	419.3	0	1.60	
B480	1	33.2	0.3139068	0.6	6	1	1.2	475.3	408.4	1	0.60	
B481	1	11.8	0.2240975	2	4.2	1.8	1.4	338.6	420.9	0	1.40	
B482	1	10.9	0.7682018	1.2	2.6	1.2	0.2	494.1	389.3	0	0.40	
B483	1	24.6	0.2264309	2.4	8.2	1	2	513.6	418.2	0	0.80	
B484	1	14.6	0.1446256	2.4	5.2	1.6	1.4	290.4	359.2	1	1.40	
B485	1	17.6	0.150291	1.2	5.6	2.4	0.4	305.8	417	0	2.20	
B486	1	19.8	0.2101016	3	1	2.6	0.4	534.4	343.3	1	2.00	
B487	1	24.2	0.1890137	2	3	3	0	284.3	423.3	0	2.60	
B488	1	31.8	0.6867565	2.2	9	2	1.2	548.6	376.7	1	0.60	
B489	1	20.9	0.3183554	0.6	8.8	2.4	0.8	470.5	325.7	1	1.60	
B490	1	11.4	0.1154843	1	5.4	0.8	0.4	341.7	421	0	0.80	
B491	1	12.8	0.5102015	2.8	8.6	0.6	1	314.3	298.6	1	0.20	
B492	1	34.2	0.3882294	2	2.6	0.8	1.6	301.2	299.3	1	0.40	
B493	1	27.9	0.5619185	2	0.4	2.2	1	474.5	296.2	1	1.00	
B494	1	17.5	0.7799237	1.4	9	2	0.8	464.3	328.6	1	0.40	
B495	1	30.6	0.7707925	1.6	5.2	2.4	1	562.3	376	1	0.60	
B496	1	32.1	0.337526	2	4.8	0.6	1.8	429	300	1	0.40	
B497	1	35.8	0.3317594	2.4	0.6	1.8	1.2	462.1	292.4	1	1.20	
B498	1	32.3	0.1219048	2.4	6.6	2.8	2	432.4	352.3	1	2.40	
B499	1	10.3	0.2749996	2.4	1.2	1	1.4	397.6	293.5	1	0.80	
P1	0	18	0.4890799	2.8	3.2	0.6	1.8	364.2	353.5	0	0.4	
P2	0	21.2	0.5509839	2.6	1.4	2.2	1.6	390.3	352.2	0	1	
P3	0	27.1	0.3209777	2.4	0.6	2.6	1.8	391.9	309.3	1	1.8	
P4	0	40.4	0.7911571	1	6	1.6	0.4	408.8	313.4	1	0.4	
P5	0	31.8	0.5828999	1.8	1	2.2	1.2	400.4	319.9	1	1	
P6	0	32.7	0.6046861	1	9.8	2.6	0.4	309.7	354.1	1	1	
P7	0	29.6	0.2250619	0.6	7.2	1.8	0.8	366.2	339.7	1	1.4	
P8	0	25.2	0.8492573	1.4	5.2	3	1.2	371.2	297	1	0.4	
P9	0	10.6	0.5384468	1.4	8	2.8	1.2	420.9	354.7	0	1.4	
P10	0	23.3	0.8773292	2.6	8.6	1.2	1.8	344.1	358.1	0	0.2	
P11	0	6	0.3609335	2.8	3	0.6	1.6	342.5	293.9	0	0.4	
P12	0	10.6	0.1230165	1.6	9	1	1.6	394.5	291.9	1	0.8	
P13	0	39.1	0.2317083	1.6	5.4	0.6	0.6	308.3	342.5	1	0.4	
P14	0	21.9	0.4351358	1.6	7.6	2.4	0.4	351	287.9	1	1.4	
P15	0	22.9	0.3485747	2.4	5.6	0.4	0.2	390.7	315.8	1	0.2	
P16	0	14.1	0.164239	2.4	9	2.6	0.2	291.4	306.9	1	2.2	
P17	0	39.7	0.8768635	2.8	1	2	1.2	357.4	323.4	1	0.2	
P18	0	33.7	0.510511	2.6	7.4	1.4	1.6	325.1	364.8	0	0.8	
P19	0	17.9	0.2861182	2.6	7.4	1	1.4	382	350.8	0	0.8	
P20	0	35.5	0.6345458	1.6	7.2	1.6	1	436.2	310.3	1	0.6	
P21	0	11.3	0.6169913	1.2	10	2.2	1.8	396.5	363.2	0	1	
P22	0	12.5	0.8991843	0.8	7.2	1.6	1.2	404.6	345.7	0	0.2	
P23	0	22.1	0.5970231	1.6	7.4	1.4	1	382.8	358.1	0	0.6	
P24	0	40.7	0.4240881	1	1.4	2.4	1.6	356.6	290.8	1	1.4	
P25	0	40.4	0.8352361	0.8	6.6	1.6	2	370.1	311.1	1	0.2	
P26	0	37.2	0.859943	2.4	9.2	1.4	0.2	452.3	300	1	0.2	
P27	0	16.2	0.6228739	1.8	7	2.2	1.2	448.9	322.6	0	1	
P28	0	14.8	0.7280274	1.6	8	2.4	0.8	363.1	300.9	1	0.6	
P29	0	7	0.5139012	2.4	3.8	2.6	1.2	306.4	295.6	0	1.4	
P30	0	19.4	0.7020518	1.8	3.8	2.6	1.2	378.2	352.1	0	0.8	
P31	0	37.9	0.7726566	1.4	4.2	1.6	1.6	359.8	323.1	1	0.4	
P32	0	27.7	0.1276818	0.4	8.4	1.8	1.2	428.6	365.4	0	1.6	
P33	0	32	0.7437649	2.2	6	2.2	1.2	406	361.1	0	0.6	
P34	0	30.3	0.1242029	0.4	1.8	1.6	1.4	324.1	323.2	1	1.4	
P35	0	26.1	0.5258929	0.6	1.2	1	0.2	431.6	361.2	0	0.6	
P36	0	35.5	0.3554513	2.6	1.4	1.8	0.4	435.1	342.7	1	1.2	
P37	0	38.3	0.5649015	1.8	3.6	1.4	0.2	340.9	310.1	1	0.6	
P38	0	16.7	0.2943134	1.8	5.8	1.4	0.4	359.3	346.4	0	1	
P39	0	31.7	0.7543609	2.4	8.8	1.8	1.8	312.4	288.6	1	0.4	
P40	0	13.5	0.7939735	2.2	4.4	1.4	1.6	416.2	339.9	0	0.4	
P41	0	11.2	0.8717591	2.6	6	1.4	0.6	293.8	321.9	0	0.2	
P42	0	11.1	0.6797245	1	7	2	2	347.6	328.1	0	0.8	
P43	0	25	0.6707371	3	0.8	1	0.2	404.6	367.5	0	0.4	
P44	0	32.6	0.4359476	2.2	1.4	2.8	0.2	312.8	325.5	1	1.6	
P45	0	11.5	0.7700943	0.4	7.8	2.6	0.6	379.6	320.3	0	0.6	
P46	0	29.1	0.5229516	2.6	2	0.6	0.6	284.4	310.8	1	0.2	
P47	0	39.9	0.5799663	0.6	3.8	2.8	0.6	422.8	340	1	1.2	
P48	0	9.1	0.6049762	2.2	9.8	1.8	1.6	400.2	327.6	0	0.8	
P49	0	32.3	0.3797132	1.6	1	0.4	1.2	368.3	322	1	0.2	
P50	0	27.7	0.2941093	0.8	2	0.6	0.8	398.4	322.7	1	0.4	
P51	0	16.8	0.7910301	2	0.6	1.2	1.4	416	324.7	0	0.4	
P52	0	34.2	0.2774774	1.2	7	1.8	0.8	348.7	365.3	0	1.4	
P53	0	7.8	0.6587952	1	5.4	0.6	0.4	392.9	368.6	0	0.4	
P54	0	16.9	0.4690288	2	8.2	0.8	0	372.9	305.6	1	0.4	
P55	0	6	0.2847055	0.6	9.8	2.8	1	439.3	349.9	0	2.2	
P56	0	30	0.3225686	2	7.4	2.4	1.2	447.1	300.4	1	1.6	
P57	0	13	0.5395572	1.8	0.8	1.4	1.6	373.9	368.5	0	0.8	
P58	0	37.4	0.6174254	2.6	9.6	1.6	0.6	345.7	350.8	1	0.6	
P59	0	29.7	0.8471919	3	9.8	2	1.4	314.6	328.5	1	0.4	
P60	0	28.5	0.233358	0.6	2.2	0.4	0.4	376.8	340.3	1	0.4	
P61	0	10.1	0.3896234	0.6	9.4	1.8	1.6	360.9	293.8	1	1	
P62	0	12.9	0.3206746	2.6	5.6	2.8	0.4	361.2	295.7	1	2	
P63	0	10	0.6379601	2.4	9	1.8	0.6	302.5	352.9	0	0.8	
P64	0	7.7	0.1601197	1.2	1.4	0.8	1	355.2	329.7	0	0.8	
P65	0	6.4	0.1773108	2	4.2	2.6	1.2	368.2	357.4	0	2.2	
P66	0	34.5	0.8060515	0.6	1.2	2.6	0	286.6	295.1	1	0.6	
P67	0	5.3	0.1664393	2.2	1.6	2.8	1.8	311.9	289.7	0	2.4	
P68	0	7	0.1176479	2.2	0.8	2.4	0.6	420.4	298.6	0	2.2	
P69	0	31.2	0.5862565	2.8	5.8	2.8	1.4	366.9	300.9	1	1.2	
P70	0	30.9	0.1366855	2.8	1	1.6	0.8	367.3	332.9	1	1.4	
P71	0	9	0.2465947	2.2	4.2	0.8	0.4	314.5	354.9	0	0.8	
P72	0	37.2	0.6866512	1	5	2.4	1.2	310.8	286.5	1	0.8	
P73	0	35.3	0.3881373	2	2.4	0.8	1.6	422	300.7	1	0.4	
P74	0	29.7	0.3159131	1.2	2.2	0.6	0.4	373	328.8	1	0.4	
P75	0	27.8	0.6952139	2.2	7.8	1.4	1.8	368.6	329.7	1	0.4	
P76	0	42	0.6365229	2.8	6.2	1.8	0.2	364.6	368.2	1	0.6	
P77	0	6	0.3311404	2	9.2	1	1.8	433	368.7	0	0.8	
P78	0	34	0.3129481	1.2	6.2	1.2	1	421.9	305.7	1	0.8	
P79	0	29.9	0.6620367	1.4	4.4	1	0	397.2	309.3	1	0.4	
P80	0	38.4	0.2475703	2.8	4	2.6	0	418.8	310	1	2	
P81	0	31.7	0.5051849	1.8	9.4	0.6	1.4	311.8	337.6	1	0.2	
P82	0	7.8	0.6564234	1.6	10	1	0.2	452.9	304.5	0	0.4	
P83	0	38.7	0.1072168	2.6	10	0.4	0.4	300.8	325.2	1	0.4	
P84	0	10.5	0.4043838	0.4	9.6	2.2	1.2	290.1	314.6	0	1.4	
P85	0	8.4	0.3486248	1.4	3	1.6	0	407.6	286.4	1	1	
P86	0	23.8	0.7360488	2.4	1.4	0.4	0.8	420.2	317.4	1	0.2	
P87	0	21.4	0.1980185	1.8	4.2	1.4	1	425.1	335.9	0	1.2	
P88	0	35.9	0.2143332	1.2	6.8	2.8	0.6	409.5	339.5	1	2.2	
P89	0	6.4	0.8187714	2.4	4	2.2	1.6	292.6	300.8	0	0.4	
P90	0	8.1	0.641856	1.6	7.6	0.8	0	304.7	350.8	0	0.4	
P91	0	41.6	0.3893916	2	4.6	2.2	0.6	420.4	306.7	1	1.4	
P92	0	6.4	0.7321435	2	6	2.2	1.4	405.5	326	0	0.6	
P93	0	13.5	0.2873391	1.6	3.4	2.8	0.8	288.2	295.2	1	2	
P94	0	8.7	0.1039598	2.4	1.6	2	1.6	395.1	324	0	1.8	
P95	0	16.2	0.3198828	0.6	6.8	1.6	1.8	352.1	305.3	1	1	
P96	0	32.2	0.8227443	1.6	7.6	2	1.8	363.2	322.7	1	0.4	
P97	0	39.3	0.8168671	2.8	5.4	0.6	1.6	373	339.7	1	0.2	
P98	0	41.5	0.1770953	2	2.2	1.8	1.8	363.4	319.2	1	1.4	
P99	0	12.4	0.1719128	2	1	2.2	1.2	396.8	311.3	0	2	
P100	0	28.9	0.1867054	1.8	4.4	1	1.8	336.2	355.2	0	1	
P101	0	8.7	0.8770676	1.4	3.2	1.2	1.8	424.9	328.4	0	0.2	
P102	0	12.5	0.5022911	0.6	3.2	2.4	1.6	373.5	365.9	0	1.2	
P103	0	17.5	0.8380698	1.2	4.8	3	1.2	318.5	366.8	0	0.6	
P104	0	11.7	0.1180817	3	7	1.2	0.8	283.4	292.5	1	1	
P105	0	29	0.7705243	1	9.6	2.8	0.4	363.7	337.9	1	0.6	
P106	0	11.8	0.7760299	1.4	7.4	1.4	1.8	441	355.5	0	0.4	
P107	0	28	0.6228513	1.8	1.6	1.2	0.6	435.5	352.9	0	0.6	
P108	0	33	0.569078	2.4	5	1.8	0.2	387	323.8	1	0.8	
P109	0	14.2	0.7133179	1.6	6	2.6	1.4	438.6	303.7	1	0.8	
P110	0	8.3	0.7259928	1.4	5.6	1.8	0	323.5	292.8	1	0.4	
P111	0	35.9	0.8814428	2.6	1.2	3	0.4	296.5	301.3	1	0.4	
P112	0	24.9	0.4026279	2.6	6	1.4	0.8	397.5	348.9	0	1	
P113	0	7.9	0.2049309	1.2	5.8	1.8	1.6	304.7	312.5	0	1.6	
P114	0	22.6	0.1897432	2.6	7.6	1	0.8	426.7	297.1	1	0.8	
P115	0	33.8	0.8845352	0.6	1.2	0.6	1	384.5	321.9	1	0.2	
P116	0	7.1	0.1773088	2.4	3.8	1.8	0	432.7	306.5	0	1.6	
P117	0	25.5	0.5818213	1.6	1.2	2.2	0	398.7	360.8	0	1	
P118	0	20.6	0.7625134	2.4	8.8	0.6	2	394.5	321.2	1	0.2	
P119	0	10.6	0.1448188	2.2	1.8	0.6	1.6	314.8	354.1	0	0.6	
P120	0	41.8	0.260379	2.4	8.4	0.8	0.4	402.5	284.9	1	0.6	
P121	0	36.9	0.5794536	2.6	3.4	2.6	1.2	330.8	287	1	1	
P122	0	36.2	0.6448759	2.6	4.6	1.4	1.6	398.3	339.2	1	0.4	
P123	0	36.4	0.6808067	0.6	7	1.4	1	320.7	356	1	0.4	
P124	0	22.3	0.8076529	0.6	3.2	0.8	0.2	409.5	351.3	0	0.2	
P125	0	23.3	0.2159605	2.8	2.6	1.8	0.8	452	304.7	1	1.4	
P126	0	11.4	0.6894116	1.4	5.6	2.6	1.6	352.6	313.6	0	1	
P127	0	9.9	0.5388536	2.2	4	1	1.6	290.9	364.7	0	0.6	
P128	0	36.4	0.387045	1.4	1.4	0.4	1.8	449.9	324.6	1	0.2	
P129	0	39.2	0.7993886	1.8	4.4	2.2	1.2	450.2	297.6	1	0.4	
P130	0	9.7	0.6718057	3	1.8	0.6	1.4	353.3	366.4	0	0.2	
P131	0	28.8	0.3011767	1.2	4.4	1	1.8	302.1	352.9	0	0.8	
P132	0	10.8	0.4607141	2.6	4.6	2.4	1.6	355.3	337.3	0	1.4	
P133	0	41.7	0.1288093	0.6	2.4	1.6	1.2	291.4	291.3	1	1.4	
P134	0	14.2	0.2614477	1.8	1	2.4	1	328.7	351.5	0	1.8	
P135	0	36.6	0.5407885	2.6	9.8	1	1.4	353	349.3	1	0.4	
P136	0	34.1	0.1307335	1.8	7.6	1.6	0.8	368.2	317.5	1	1.4	
P137	0	38.3	0.798238	2.8	5.6	2	0.2	429.5	296.6	1	0.4	
P138	0	36.2	0.5245794	1.2	9.2	0.6	1.8	367	303.7	1	0.2	
P139	0	12.2	0.8909226	1	2.2	2.6	0	339.3	315.2	0	0.4	
P140	0	39.9	0.5005801	2.8	4.2	1.8	0.6	385.3	312.5	1	0.8	
P141	0	12.6	0.1411692	2	2.6	1.2	1.8	333.7	304.3	1	1	
P142	0	23.3	0.7146541	2.4	8.2	2.8	1.6	307	306.3	1	0.8	
P143	0	8.7	0.3066425	0.6	3.8	2.2	1	440.8	302.5	0	1.6	
P144	0	8.4	0.2860638	0.4	3.6	1.6	1.6	320.7	285.4	1	1.2	
P145	0	12.3	0.185236	2.4	7.6	2.4	1.2	373.9	290.9	1	2	
P146	0	25.6	0.4412241	1	7.2	0.8	1.6	353.7	290.5	1	0.4	
P147	0	34.3	0.3972176	0.8	6	3	0.2	288.8	363.8	0	2	
P148	0	24.3	0.5427168	0.6	3.2	2.2	0.8	346.6	334.7	1	1	
P149	0	17.8	0.2065355	2.4	4.6	2.6	1.2	325	340.3	0	2.2	
P150	0	14.9	0.273167	3	2.6	1.6	1.4	438.2	349	0	1.2	
P151	0	25.2	0.829518	1	3.2	2.8	0.4	322.9	341	1	0.4	
P152	0	26.4	0.4538798	1	9.4	0.4	1.4	375.3	325.5	1	0.2	
P153	0	10.9	0.7217436	1	6.4	1.4	1.4	429.1	306.5	0	0.4	
P154	0	11.8	0.7887514	1.8	9	2.2	1.2	327.9	339	0	0.6	
P155	0	5.1	0.2472741	1.4	2.8	2.6	0.4	416.9	315.9	0	2	
P156	0	10.6	0.5926065	1.6	4.2	0.8	1	387.5	301.3	1	0.4	
P157	0	37.7	0.7536165	0.4	1.6	2.4	0.4	318.4	284.1	1	0.6	
P158	0	35.6	0.507916	2	9.6	2.2	0.6	447.4	366	0	1.2	
P159	0	6.3	0.6801193	1.2	5.2	0.8	1	362.6	336	0	0.4	
P160	0	36.2	0.2148018	1.4	0.6	0.8	0.8	406.7	350	1	0.6	
P161	0	16.7	0.4995404	1.8	9	1.8	1.4	381.4	322.1	0	1	
P162	0	32.9	0.2844024	2.2	9.6	1.8	1.2	317.9	320.6	1	1.2	
P163	0	18.1	0.255907	2	6.4	2.8	1	440.4	359.9	0	2.2	
P164	0	5.4	0.4413432	1.6	4.8	2.2	1.4	357.9	340.5	0	1.4	
P165	0	39.6	0.422529	2.6	5.6	1.8	1	438.1	287.6	1	1	
P166	0	40.9	0.6977035	1.4	4	1	1.6	321.7	341.5	1	0.4	
P167	0	19.8	0.8482865	2.8	9.6	1.4	1.6	319.5	369	0	0.4	
P168	0	12.8	0.64832	1.8	8.2	0.6	1.8	389.7	296.4	1	0.2	
P169	0	34	0.4852872	2	6	1.6	1.8	325.4	339	1	0.8	
P170	0	15.2	0.3119864	1.4	2.6	1.2	1.8	406.2	319.5	0	1	
P171	0	26.4	0.5440571	2	3.4	1.4	2	332	312.5	1	0.6	
P172	0	22.4	0.5713967	1.8	7.4	1.4	1	435.7	368.8	0	0.8	
P173	0	39.3	0.8636528	2.8	4.8	1.6	0.6	308.5	325.9	1	0.2	
P174	0	24.9	0.7879784	2.8	3	0.8	0.4	401.7	350.9	0	0.2	
P175	0	16.3	0.4540462	2	3.8	2.2	0	430.9	314.7	1	1.2	
P176	0	25.3	0.7149856	1.2	3	2.4	1.8	358.7	350.1	0	0.8	
P177	0	5.1	0.5393498	2	2.8	2.4	0.4	331.7	299.3	0	1.2	
P178	0	28.5	0.2718969	1.2	1	1.4	1.8	353	308.7	1	1	
P179	0	30.4	0.5846083	2.4	6.6	0.8	1.2	361.6	336	1	0.4	
P180	0	20.9	0.1964904	0.6	9	1.6	2	407	302.8	1	1.2	
P181	0	16.4	0.5910763	0.8	7.8	2.4	1.8	351.7	326	0	1	
P182	0	22.9	0.1313413	2	8.8	1.8	1.4	343.8	335	1	1.6	
P183	0	38.7	0.6797707	1.8	9.4	2.2	1.6	344.4	306.2	1	0.8	
P184	0	8.9	0.3669781	1.2	3.2	2.2	0.4	351.5	343.2	0	1.4	
P185	0	23.9	0.7172052	2.4	1.8	1.2	0	417.1	324.5	1	0.4	
P186	0	8.9	0.8548718	2	1.2	0.6	1.2	372	328.4	0	0.2	
P187	0	38.5	0.7065241	2	5.2	0.4	1	439.4	364.5	0	0.2	
P188	0	38.9	0.4799712	2.2	9	1.2	0.6	443.9	336.8	1	0.6	
P189	0	9.9	0.6342078	2.6	0.8	2.2	0.6	398.2	360	0	1	
P190	0	13.4	0.694653	1.2	6	1	1.2	378.3	359.5	0	0.4	
P191	0	32.5	0.3781304	2.8	4.4	1.6	0.6	419.5	327.7	1	1	
P192	0	12.6	0.8163483	2	9.2	2.8	1.4	392.5	287	1	0.6	
P193	0	26.7	0.1226159	2.2	4	1	0.8	316.7	305.8	1	0.8	
P194	0	9.5	0.6410517	2.6	0.4	2.2	0.2	440.7	313.4	0	0.8	
P195	0	18.2	0.2123193	2.8	4.8	1.4	1.8	391.3	310.7	1	1.2	
P196	0	10.4	0.5257389	1.4	7	1.4	0	312.8	356.6	0	0.8	
P197	0	11.6	0.6028227	3	0.8	2.2	0.2	296.7	328.5	0	1	
P198	0	7.7	0.1360846	0.6	1.2	1.4	0	373.1	368.8	0	1.4	
P199	0	15.8	0.2227272	1.2	3.2	0.8	1	331.4	296.6	1	0.6	
P200	0	28.4	0.5232167	1.8	7.8	2	0.2	381.3	312.2	1	1	
P201	0	34.9	0.6538988	1	1.6	1.6	0.4	415	298.8	1	0.6	
P202	0	13.6	0.8867604	1	0.4	1.6	0.2	303.6	365.4	0	0.2	
P203	0	39.8	0.1446559	1	9.4	2.6	0.6	336.9	362.1	1	2.2	
P204	0	11.3	0.8743675	2.8	8.2	1.8	1.6	293.7	363.5	0	0.4	
P205	0	12.1	0.713109	2.4	4.8	1.6	0.6	404.4	317.9	0	0.6	
P206	0	21.5	0.5788416	0.8	10	0.6	0	361.2	304.8	1	0.2	
P207	0	18.6	0.5895593	1.6	3.6	3	0.4	412.9	358.9	0	1.4	
P208	0	7.7	0.4194458	1.8	2	2	0.8	324.2	302.1	0	1.2	
P209	0	26	0.2014993	1.4	2.2	2.2	0.8	390.1	316.1	1	1.8	
P210	0	5.6	0.3043359	1.2	6.4	3	0.8	307.5	299.6	0	2.2	
P211	0	13.5	0.2768015	1.6	6.8	2.2	1.2	390.4	305.3	1	1.6	
P212	0	20.8	0.4225914	3	8.8	2.4	1.8	343.3	365.1	0	1.4	
P213	0	34.4	0.5145215	0.6	8.4	2.4	2	444.9	314.7	1	1.2	
P214	0	18.3	0.8217333	0.8	0.6	2.6	1	365.3	283.3	1	0.4	
P215	0	12.8	0.3601055	2.6	2.8	2.6	0.4	361.4	367.3	0	1.8	
P216	0	27.3	0.4330132	3	8	2	1.8	302	308.9	1	1.2	
P217	0	21.1	0.6663157	1.6	4.2	1.2	1	411.5	286.9	1	0.4	
P218	0	33	0.7794113	2.4	1.4	2.8	1.6	317.7	332.5	1	0.6	
P219	0	23.7	0.260354	2.4	3.8	3	2	351.3	314	1	2.2	
P220	0	36	0.7782504	2	7.8	0.8	1	376.2	336.8	1	0.2	
P221	0	6	0.4687264	1.8	6.6	1.4	0	328.8	343.3	0	0.8	
P222	0	33.9	0.1690758	1.4	0.6	0.6	0.2	302.1	359.3	0	0.6	
P223	0	17.3	0.8712129	2	1.8	0.4	1.2	446.7	297.4	1	0.2	
P224	0	22.9	0.2599742	2.6	7.4	0.8	1.6	322.7	364	0	0.6	
P225	0	31.5	0.3553479	2.4	3.6	3	1.6	369	314.4	1	2	
P226	0	34.9	0.6908603	2.2	4.2	0.6	1.8	314.3	347.7	1	0.2	
P227	0	39	0.1237975	1	7.4	2.2	0.2	401.9	284.9	1	2	
P228	0	5.3	0.6434229	1.6	4.2	2.8	1.2	333.4	358	0	1	
P229	0	33.3	0.7813956	0.8	8	1.2	1	445.8	346.3	1	0.2	
P230	0	26.6	0.2538718	1.6	2.8	1.2	0.6	371.6	342.2	1	0.8	
P231	0	17.1	0.1310888	1	3	2	2	354.7	334.2	0	1.8	
P232	0	16.7	0.2517025	1.8	1.8	2.6	1.8	395.6	332.4	0	2	
P233	0	30.2	0.507989	1.2	6	1.6	0.6	352.6	360.9	0	0.8	
P234	0	10.6	0.6715543	1.2	6	1.2	0.6	406.7	286.8	1	0.4	
P235	0	17.7	0.5629891	1.6	3.2	0.8	0.8	420.4	309.6	1	0.4	
P236	0	41.1	0.3765214	0.4	4	1.4	0.8	415.8	345.8	1	0.8	
P237	0	18.3	0.2295494	1.6	4.2	2.4	0.4	397.3	320.1	1	1.8	
P238	0	37.3	0.6429895	0.4	7.6	2	1.6	306	347	1	0.8	
P239	0	27	0.8022663	1.2	4.6	2.4	1.6	306.5	294.6	1	0.4	
P240	0	28.6	0.3026339	1.8	9	2.8	1.6	417	368.8	0	2	
P241	0	16.5	0.6097363	1.8	5.2	1.4	0.4	391.1	330.4	0	0.6	
P242	0	10.2	0.5449413	0.4	9.2	0.4	0.2	373.3	346.1	0	0.2	
P243	0	28.4	0.1628243	3	0.4	1	1.2	325.2	326.6	1	0.8	
P244	0	34.6	0.5660604	1.6	2.8	2.6	0.8	431.7	332.5	1	1.2	
P245	0	22.7	0.5519345	0.8	7.6	2.4	1.2	451.2	288.5	1	1	
P246	0	20.1	0.8331554	0.6	4.4	0.4	0.2	349.1	362.1	0	0.2	
P247	0	12.7	0.2028736	2.2	1.2	1.6	0	366.3	339.9	0	1.4	
P248	0	13.3	0.4469238	2.2	3.2	1.6	1.8	335	301.3	1	0.8	
P249	0	14.1	0.5220713	1	3.4	1.8	0.8	346.2	340.7	0	1	
P250	0	33	0.6499733	2.2	0.6	1.4	0.2	288	350.9	1	0.4	
P251	0	37.3	0.5910812	1.4	4.6	2	1.4	323	290.4	1	0.8	
P252	0	11.8	0.6453405	2.8	4.2	1.8	1.4	397.5	327.9	0	0.8	
P253	0	37.9	0.7605675	2.4	8	1.6	0.8	369.4	336	1	0.4	
P254	0	16.9	0.5063771	2.4	3.8	3	1.2	398.6	346.3	0	1.6	
P255	0	9.2	0.2194583	2	4.2	3	2	366	332.5	0	2.4	
P256	0	15.3	0.823107	1.8	1.2	2.4	0.2	397.2	293.5	1	0.4	
P257	0	16	0.8667236	1.6	8	1.4	1	284	312.2	1	0.2	
P258	0	31.7	0.5102769	2.8	5	2	1.2	353.4	342.5	1	1	
P259	0	8.9	0.64611	2.4	0.8	2	0.4	337.1	365	0	0.8	
P260	0	17.2	0.7956684	2.4	7.2	0.4	1.2	448.6	368.4	0	0.2	
P261	0	36.9	0.3047603	1	9.4	1.6	0.2	292.9	348.3	1	1.2	
P262	0	24.4	0.7006052	1.2	4.8	0.8	0.6	339.2	330.7	1	0.2	
P263	0	18.8	0.8741504	1.4	6.8	1.6	1.2	446.9	291	1	0.2	
P264	0	14.3	0.6539199	2.6	9	0.8	0	430	364.6	0	0.4	
P265	0	29.4	0.6622608	1.6	8	1.2	0.8	422.1	340.1	1	0.4	
P266	0	6.2	0.829825	1	5.8	0.6	0.4	313.7	355.3	0	0.2	
P267	0	10.4	0.2974163	0.4	8	2.6	0.2	397.3	366.7	0	2	
P268	0	42	0.4294042	1.8	9.8	1.4	0.4	418.9	298	1	0.8	
P269	0	9.8	0.4375558	1.8	1.6	2.8	1.6	316.9	362.2	0	1.6	
P270	0	23.5	0.2408681	2.4	1.2	2	1.6	417.7	354.9	0	1.6	
P271	0	26.7	0.1925598	2	6	0.4	2	396.1	307.6	1	0.4	
P272	0	9.5	0.7729779	2.2	8.8	2	1	374	326.6	0	0.6	
P273	0	5.9	0.6677007	1.8	4.6	2.6	1.2	424.1	341.2	0	1	
P274	0	40.2	0.1792207	1	6	2	1.6	357.2	304.3	1	1.6	
P275	0	28.4	0.490369	2.8	9.2	0.8	0.6	336.3	343.7	1	0.4	
P276	0	29.2	0.8978743	3	2	3	1.8	311.6	294.1	1	0.4	
P277	0	30.9	0.2585926	1.2	9.2	1.6	0.8	444.7	289.5	1	1.2	
P278	0	17.4	0.5664559	0.6	5.8	0.8	1.4	307.8	341.4	0	0.4	
P279	0	29.1	0.2883437	2.8	7.4	0.8	0.2	305.2	342.9	1	0.6	
P280	0	39.8	0.42703	1.8	9.2	2.2	1.4	287.4	290.8	1	1.2	
P281	0	5.7	0.8769128	0.4	9	1	0.8	397.4	312.1	0	0.2	
P282	0	20	0.7466505	2.2	1.8	3	0.8	289.8	335.4	0	0.8	
P283	0	39.6	0.6218329	1.2	2.8	1	1.2	420.7	300.4	1	0.4	
P284	0	39.1	0.2754374	1.2	4	1.4	1.4	316.9	363.1	1	1	
P285	0	32.4	0.4113016	1.6	3.6	2.4	0.2	417.7	296.9	1	1.4	
P286	0	12.1	0.5392423	2.4	8.6	2.6	0.8	383	283.1	1	1.2	
P287	0	31.5	0.4483551	2	6.8	2.6	1.8	319.4	364.9	0	1.6	
P288	0	16.5	0.7651809	0.8	5.4	1.6	0.4	395.3	325.4	0	0.4	
P289	0	34.2	0.5290535	2	8.6	1.8	1	314.6	367.2	0	1	
P290	0	16.6	0.3335471	1	1.8	0.8	2	327.7	330	0	0.6	
P291	0	34.3	0.2804426	2.8	4.6	1.4	0.4	352.5	339.2	1	1	
P292	0	38.1	0.5032276	2	1.6	0.8	2	391	307.4	1	0.4	
P293	0	5.1	0.8772729	2	1.4	2.2	1.2	347.1	356.9	0	0.4	
P294	0	9.3	0.4687454	2.2	4.2	3	1	293.5	292.7	1	1.6	
P295	0	13	0.245873	2.6	4	1.4	1.4	334.4	342.8	0	1.2	
P296	0	17.7	0.3415894	0.6	3.8	0.8	0.4	444.3	318.5	1	0.6	
P297	0	7.3	0.8824718	2.8	7.4	2	1.8	425.1	309	0	0.4	
P298	0	8.1	0.4461048	2.8	3.4	1.8	0.2	315.7	298.4	0	1	
P299	0	11.5	0.2230029	2.8	0.8	0.6	1.8	435.2	347.9	0	0.6	
P300	0	33.2	0.3720406	1	2.2	0.6	0.2	312.7	318.2	1	0.4	
P301	0	11.8	0.3935672	1.6	8.2	2.6	0.4	385.5	347.2	0	1.6	
P302	0	10.3	0.2037991	1.8	9.8	1	1.6	380.5	358.9	0	0.8	
P303	0	33.1	0.2641745	1.6	4.2	0.4	0.2	312.1	334.7	1	0.2	
P304	0	11.7	0.5184943	2.2	7.4	1.4	0.4	419.1	326.9	0	0.8	
P305	0	39.8	0.6766646	2.2	8.8	3	1	315.2	338.1	1	1	
P306	0	12.8	0.4759136	2.8	0.6	1.2	0.6	286.2	304.1	1	0.6	
P307	0	15.6	0.858561	1.8	7.4	1	0.4	435.6	362.2	0	0.2	
P308	0	41.3	0.1786424	1.2	7	2	1.8	420.7	293.2	1	1.6	
P309	0	22.6	0.8009177	1.8	5.8	3	0.6	324.4	297.6	1	0.6	
P310	0	15	0.2543457	2.6	6.4	0.8	1.2	289.6	356	0	0.6	
P311	0	6.6	0.3360976	3	8.8	0.6	1.2	439.7	342	0	0.4	
P312	0	33	0.7186297	0.8	8	0.8	1.6	440.3	362.5	0	0.4	
P313	0	14.1	0.14718	0.6	7.6	1.4	1.6	422.5	337.7	0	1.2	
P314	0	38.5	0.1595584	0.8	1	2	1.2	403	329.8	1	1.6	
P315	0	22.1	0.3539033	2.8	10	2.8	1.6	386	357.6	0	2	
P316	0	31.8	0.3028599	2	2.4	2.4	1.2	313.6	313.7	1	1.6	
P317	0	7.2	0.1312711	0.8	7.8	0.8	0.4	405.5	342.4	0	0.8	
P318	0	5.5	0.7425795	2	9.8	2.6	0.8	404	340.2	0	0.8	
P319	0	41.9	0.7590104	2	1.8	2	2	430.2	297.2	1	0.4	
P320	0	39.7	0.6507112	1.6	3.4	0.6	1	368.2	324.7	1	0.2	
P321	0	31.8	0.4166713	2	1.8	2	0.6	335.6	357.7	0	1.2	
P322	0	39.9	0.5929779	0.8	8.2	2.2	0.8	335.3	353	1	0.8	
P323	0	15.3	0.6870991	1.8	5.4	2.6	1.2	441.3	310.4	1	0.8	
P324	0	19.7	0.6699582	2	3.8	1.4	1.2	342.1	363.6	0	0.6	
P325	0	13.9	0.2469655	1.2	3	1	1.6	359.9	338.2	0	0.8	
P326	0	33.8	0.179394	2.4	6	1.6	0.6	333.8	327.2	1	1.4	
P327	0	7.6	0.7450619	0.8	6.2	2.8	0.6	355.8	295	0	0.8	
P328	0	23.4	0.5281176	1.2	2.2	1	1.2	325.6	336.8	1	0.4	
P329	0	8.3	0.2116037	2.6	8.2	2.8	0.6	450.5	293.5	0	2.4	
P330	0	28	0.3067444	3	3.2	2.8	1.8	409.9	355.6	0	2	
P331	0	16.8	0.7694516	1	3.6	0.6	0.8	332.3	330.6	0	0.2	
P332	0	8.5	0.2190238	1.6	1.4	2	1.4	356.4	348.3	0	1.6	
P333	0	39.1	0.2571571	2.6	2.8	2.4	1.8	452.4	345	1	1.8	
P334	0	10.2	0.5600218	0.6	1.6	2.2	0.8	305.8	295.9	1	1	
P335	0	42	0.7273085	1.6	7.6	0.6	1.2	354	339.4	1	0.2	
P336	0	36.3	0.5825034	2	5.4	1.4	1.8	388.2	330.2	1	0.6	
P337	0	30.5	0.2230771	2.8	1.4	0.6	1.2	431.7	286.8	1	0.4	
P338	0	39.5	0.3237485	2.2	6	2.8	0.2	365.2	306.3	1	1.8	
P339	0	26.2	0.3070224	3	6.6	2.8	0.2	440.3	329.7	1	2	
P340	0	15.7	0.8143776	2.4	9.4	2.8	1.2	368.7	305.3	1	0.6	
P341	0	27.5	0.1012124	0.6	1.2	1.4	0.2	329.8	322.8	1	1.2	
P342	0	22.1	0.3986675	1.8	5.8	0.6	0.6	310.9	325.3	1	0.4	
P343	0	13.8	0.1931944	2.6	9.4	2	1	330.2	339.2	0	1.8	
P344	0	35.8	0.1321626	1.8	0.6	2.4	1.8	435.3	314.6	1	2	
P345	0	15.4	0.2969947	0.6	7.8	2.8	2	344.8	320.6	0	2	
P346	0	37.4	0.2748164	0.4	9.4	1.2	0.4	361	319.3	1	0.8	
P347	0	9	0.3109999	1.8	8.2	2.6	0.2	338.5	349	0	1.8	
P348	0	10.7	0.8816769	1.8	8.6	0.8	2	354.1	365.6	0	0.2	
P349	0	31.7	0.4232819	1.8	0.6	1.4	0.2	432.9	343.8	1	0.8	
P350	0	5.8	0.4062282	2	6.8	2.2	1.2	431.6	348.5	0	1.4	
P351	0	16.9	0.1604534	0.6	1.6	2.6	0.4	286.3	350.6	0	2.2	
P352	0	30.3	0.5641149	1.8	9.6	1.8	2	430.6	293.1	1	0.8	
P353	0	35.7	0.6106058	1.4	8	1	0.4	407.8	356.6	1	0.4	
P354	0	12.2	0.865116	0.8	4.4	2.6	1	409.2	368.4	0	0.4	
P355	0	39	0.7195783	2	4	2.8	1.4	447.4	358.8	1	0.8	
P356	0	24	0.6727409	3	3.4	0.4	0	396.5	358.2	0	0.2	
P357	0	29.1	0.8229107	1	3	2	0.2	393.5	365.4	0	0.4	
P358	0	16.5	0.5605416	1.8	6.2	0.6	0.6	289	312.9	1	0.2	
P359	0	25	0.4319066	2.4	1.4	0.8	0.8	340	312.7	1	0.4	
P360	0	39.8	0.5434354	0.8	7.8	1.6	0.8	430.6	359.1	1	0.8	
P361	0	32.6	0.2636804	3	6.4	2.4	0.2	352.4	326.3	1	1.8	
P362	0	9.2	0.7100807	2.6	8.6	2.2	0.8	285.6	353.4	0	0.8	
P363	0	37.1	0.537031	1.8	6.6	0.4	0	327	355.6	1	0.2	
P364	0	23.3	0.1900764	1.6	4.4	2.2	1.8	363.9	335.1	1	1.8	
P365	0	36.3	0.4809901	0.6	4.6	2.6	0.6	361.1	359.4	1	1.4	
P366	0	12.4	0.2232402	1.6	4.8	1.8	1.4	308.5	292.7	1	1.4	
P367	0	20.3	0.81393	0.8	4.4	1.8	1.4	373.2	300.5	1	0.4	
P368	0	25.3	0.5080934	1.6	3.2	0.8	0.4	382.3	320.7	1	0.4	
P369	0	23	0.7467822	2.8	8.2	2	1.4	346.3	368.2	0	0.6	
P370	0	36.7	0.8552744	0.4	0.4	1.8	0.6	354.9	340	1	0.2	
P371	0	25.9	0.5456426	0.8	8.6	1	1.6	400.7	299.3	1	0.4	
P372	0	36.6	0.7388278	2.4	4.4	1.6	1	416.3	367.3	0	0.6	
P373	0	21.3	0.8117576	1.8	2.4	2.2	0.8	289.2	330.4	1	0.4	
P374	0	19.8	0.1809216	2.6	2.2	1.6	1.2	432	321.4	1	1.4	
P375	0	17	0.3773258	2.6	6.4	0.8	1.6	297	341.9	0	0.6	
P376	0	12.4	0.6918641	2.2	3.4	0.6	1.8	364.4	348.3	0	0.2	
P377	0	21	0.4410975	1.2	9	1.4	0.4	333.8	344.9	0	0.8	
P378	0	37.7	0.7346134	0.6	4	0.6	2	439.8	338.7	1	0.2	
P379	0	27.2	0.1079205	2.6	8.6	0.6	1	383	333.6	1	0.6	
P380	0	34.3	0.1239906	0.6	5.8	0.8	1	445.6	307.6	1	0.8	
P381	0	6.8	0.5644006	1.2	7	2.6	0.4	294.2	308	0	1.2	
P382	0	12.6	0.7673742	1.4	4.4	0.8	1.2	424.7	322.5	0	0.2	
P383	0	5.9	0.4974767	1	5.8	1.4	0.4	386.5	287.5	0	0.8	
P384	0	37.5	0.8801967	1.8	8.4	2	0.8	402.6	288.7	1	0.2	
P385	0	33.7	0.4209095	1.8	1	1.2	1	435.7	367	0	0.8	
P386	0	36.4	0.5350824	2.2	9.6	2.8	0	370.4	358.9	1	1.4	
P387	0	39.9	0.6656733	1.6	2.2	3	1.6	306.9	355.3	1	1	
P388	0	24.6	0.570895	0.8	9.6	2.4	1.6	361.5	360.8	0	1.2	
P389	0	5.9	0.8549403	0.4	7.8	2.6	0	388.4	315.2	0	0.4	
P390	0	9.8	0.6157846	2.4	4.8	2.8	1.4	296.5	344.9	0	1.2	
P391	0	7.1	0.7598488	0.6	7.6	2	0.8	322.1	367.6	0	0.6	
P392	0	13.7	0.3905836	2	2	2.6	0.4	327	283.8	1	1.6	
P393	0	25.4	0.7258914	2	8.6	0.8	0.2	398.4	321.9	1	0.2	
P394	0	23.4	0.2622595	1.4	2	1.8	0.8	372.7	308.3	1	1.4	
P395	0	29.3	0.1297878	1.8	1.2	1.2	0.8	384.8	335.8	1	1	
P396	0	41.6	0.3815451	1	6.8	2.6	1.6	326.4	321.2	1	1.6	
P397	0	6.2	0.8698981	3	6.8	0.8	0.6	340.5	358.8	0	0.2	
P398	0	7.2	0.2796305	0.6	5.8	0.8	0.8	338.6	315.4	0	0.6	
P399	0	40.8	0.238813	0.8	7.4	1	0.8	341.4	344.6	1	0.8	
P400	0	17.3	0.6367946	2.2	7.6	1.6	0.2	330	323.7	0	0.6	
P401	0	24.7	0.1100143	1.4	1.2	1.6	1.2	309.9	341.8	0	1.6	
P402	0	38.5	0.7038235	0.4	6.6	2.2	0.8	384.5	311.2	1	0.6	
P403	0	35.6	0.2457009	1	1.8	2.6	0.4	439.5	357.8	1	2	
P404	0	16.1	0.7020649	2	7.4	0.6	1.8	438.4	346.2	0	0.2	
P405	0	28	0.6524187	2.4	3.2	2	1	349.6	333.7	1	0.6	
P406	0	38.4	0.2875409	0.6	8.2	2.8	0.8	318.2	341.9	1	2	
P407	0	37.8	0.567155	1.2	7.4	2.4	1.4	432	357.1	1	1	
P408	0	8	0.3098813	2.8	6.6	3	1.8	298.8	287.4	1	2	
P409	0	28.3	0.4660879	1.8	9.2	3	0.4	377.6	287.1	1	1.6	
P410	0	39.3	0.5966935	1.2	7.4	1.2	0.2	310.5	360.6	1	0.4	
P411	0	21.8	0.3455045	0.8	4.6	1.8	0	331.9	289.2	1	1.2	
P412	0	35.5	0.5949208	2.2	7.8	1.6	1.6	379.3	315.2	1	0.6	
P413	0	10.5	0.5007534	0.6	4	1.4	0.2	452.9	292.8	1	0.6	
P414	0	15.4	0.5414182	1.2	2.2	0.6	0.6	291.6	342.6	0	0.4	
P415	0	32.1	0.5119339	2.6	4.4	1	2	329.1	362.6	0	0.6	
P416	0	20.2	0.5860262	1.8	7.4	0.8	1	386.1	307.3	1	0.4	
P417	0	20.1	0.1443997	1.4	9.8	2	0	401.3	322.2	1	1.8	
P418	0	38.8	0.3405666	1	2.6	1.4	0	376.3	359.3	1	1	
P419	0	33	0.7580622	2.2	8.2	3	0.8	307.8	358.1	0	0.8	
P420	0	23.1	0.4133187	1.2	6.4	1	1.6	360	362.8	0	0.6	
P421	0	13.8	0.3436841	1.4	0.8	1.6	0.4	414	313.7	0	1.2	
P422	0	18.9	0.4787308	1	8.6	0.6	0.8	299.8	356.8	0	0.4	
P423	0	37.6	0.4354898	1.2	6.6	2.4	0.6	324.6	287.9	1	1.4	
P424	0	36.6	0.3887197	2.6	3.2	1.8	1	398.4	289.4	1	1.2	
P425	0	8.6	0.3065858	2.6	8	1.6	0.8	430.8	357.9	0	1.2	
P426	0	13.3	0.2854199	1.6	6.8	1	1.4	288.8	357.5	0	0.8	
P427	0	32.6	0.1714285	0.8	5	0.6	0.8	333.7	338.3	1	0.4	
P428	0	21.3	0.2595625	2.8	9.8	2	1	298.8	338.6	0	1.6	
P429	0	34.3	0.7593248	2.2	8.8	3	1.4	338.1	313.3	1	0.8	
P430	0	30.5	0.7924717	1.2	5.2	2	1.8	430.4	288.8	1	0.4	
P431	0	30.1	0.4654321	1.8	10	2.6	0.2	415.5	310.8	1	1.4	
P432	0	17.1	0.2757808	0.8	5	1	0.6	379.5	353.2	0	0.8	
P433	0	20.7	0.1592156	2.2	4	2.4	2	317.8	324	1	2	
P434	0	5.4	0.4448816	2.8	5	2.6	0.4	283.2	302.1	0	1.6	
P435	0	5.4	0.6878784	2	1.6	2.6	0.2	317.1	295	0	1	
P436	0	27	0.1136142	1	7	3	0.6	425.1	334.1	1	2.6	
P437	0	6.6	0.5324184	1.2	7.6	2.4	1.4	407.7	307	0	1.2	
P438	0	8.7	0.1166969	1.2	4.2	1.8	0	400.8	337.1	0	1.6	
P439	0	28.9	0.1102959	2.6	8.6	1.2	0.4	393.8	328	1	1	
P440	0	33.3	0.4475112	2.8	9	2.8	1.8	422.6	357.6	0	1.6	
P441	0	37.3	0.151287	1.4	2.8	1.8	0.2	341.6	330.5	1	1.6	
P442	0	24.2	0.6663636	3	5.8	1.4	0	385.2	367.8	0	0.6	
P443	0	41.1	0.5822957	2.4	6.8	2	1.8	335.9	348.7	1	0.8	
P444	0	29.1	0.7420931	1.6	7	2.2	1.8	326.8	345.5	1	0.6	
P445	0	18.3	0.3566744	2.6	9.6	2.8	0.6	339.4	362.4	0	2	
P446	0	38	0.8379203	0.6	4.4	1.4	0.4	351.8	358.2	1	0.2	
P447	0	31.7	0.2772362	0.6	7.8	0.6	1.6	290.8	301.7	1	0.4	
P448	0	41.1	0.4706666	1.8	1.4	2.8	0.4	415.3	340.6	1	1.4	
P449	0	41.8	0.8574802	0.6	8.6	2.6	0.2	436.7	291	1	0.4	
P450	0	19.5	0.8671489	1	8.2	1.4	1	398	363.5	0	0.2	
P451	0	36	0.4720504	3	4.2	1	0.8	387.4	335.9	1	0.6	
P452	0	34.8	0.5040589	2	3.8	2	0.8	419.1	343.6	1	1	
P453	0	37	0.7697037	0.4	7	2.8	0.8	332.6	365.8	0	0.8	
P454	0	36.7	0.2491861	2.4	2.6	0.8	1.4	371.5	352.8	1	0.6	
P455	0	39.2	0.3079471	0.6	2	0.4	0.6	362.3	341.7	1	0.2	
P456	0	36.5	0.5756893	2.4	3	1.4	1.4	411.9	313.2	1	0.6	
P457	0	37.8	0.4789715	1.6	3.4	1.8	1.8	316.6	350.7	1	1	
P458	0	13.2	0.1443406	1.8	2.4	2.2	1.2	426.9	329.9	0	2	
P459	0	12.4	0.4077553	1.2	0.6	0.4	0.4	396.9	303.5	1	0.2	
P460	0	40.5	0.1847961	2	1.6	1.2	1.6	445.3	288.3	1	1	
P461	0	19.3	0.859089	3	2.6	2.6	0.6	432.3	342.4	0	0.4	
P462	0	39.1	0.7103385	0.6	9.2	1	1.6	409.7	362.5	1	0.2	
P463	0	32.8	0.5202616	1.6	4	1.2	0.4	327.8	295.8	1	0.6	
P464	0	19.3	0.7001387	0.8	8.6	2.6	0.4	300.5	345.6	0	0.8	
P465	0	40.4	0.4687965	2.4	0.8	1.6	1.4	376	322.6	1	0.8	
P466	0	24.2	0.1065717	2.8	3	1.2	1	438.5	306.2	1	1	
P467	0	10.2	0.554542	0.6	4	0.8	0.8	355	350.1	0	0.4	
P468	0	19.7	0.4241425	0.4	3.8	1.2	1.2	369.3	330.5	0	0.8	
P469	0	16.4	0.5398525	1.4	6.8	1.4	0.6	327.9	341.4	0	0.8	
P470	0	31	0.3844918	2.4	6.4	2.4	1.8	332.6	346.1	1	1.4	
P471	0	27.4	0.3344057	1.8	5.8	2.8	0.4	308.8	312	1	1.8	
P472	0	29.9	0.4031246	1.2	6.8	0.8	1.8	420.6	294.3	1	0.4	
P473	0	18.3	0.5500203	1.8	3.2	0.6	1.4	404.6	290.3	1	0.2	
P474	0	22.5	0.698665	0.8	1.8	0.6	0.8	436.9	350.7	0	0.2	
P475	0	18.1	0.7455719	1	1.4	0.6	0.4	393	327.6	0	0.2	
P476	0	23.8	0.4396402	1	3.8	3	0.2	303.7	350.7	0	1.8	
P477	0	40.1	0.404856	1.2	5.2	2.8	2	444.4	361.8	1	1.6	
P478	0	13.9	0.5281463	0.6	3.6	1.8	1.8	442.1	352.4	0	1	
P479	0	30.9	0.8028494	0.8	9.6	2.2	1.8	351.4	365.9	0	0.6	
P480	0	26.8	0.1399479	1.4	0.6	1.6	0.6	371.7	284.5	1	1.4	
P481	0	24.4	0.3813981	2	7.6	1.6	1.8	387.5	290.8	1	1	
P482	0	30.2	0.3869178	1.4	7	1.2	2	424.2	360.8	0	0.8	
P483	0	28.7	0.4293471	1.4	9.4	2.8	1	401.8	338.2	1	1.6	
P484	0	15.9	0.5878068	2.2	6.2	1.2	0.6	406.9	310.4	1	0.4	
P485	0	30.2	0.7176044	0.8	7.8	0.8	1.2	378.7	339.2	1	0.2	
P486	0	37.9	0.412227	0.8	6.6	0.4	0.8	317.6	337.5	1	0.2	
P487	0	38.7	0.5075582	2	3.2	2.6	1	446.6	297.8	1	1.2	
P488	0	38.3	0.1303112	0.6	6.4	2.4	0.2	413.2	344.7	1	2	
P489	0	5.8	0.5670416	2.8	7	1.2	0.2	383.3	341.7	0	0.6	
P490	0	32.1	0.2783523	1.2	2.2	2	0.6	287.9	298.5	1	1.4	
P491	0	35.1	0.3431517	2.6	3.6	1.4	1.2	332	291.4	1	1	
P492	0	13.2	0.8970577	0.6	9.8	1.6	1.6	300.9	299	1	0.2	
P493	0	10.7	0.8438706	2.8	1.6	2.8	1.6	289.5	359	0	0.6	
P494	0	40.4	0.3143313	0.6	8.2	0.4	1.6	352.7	306.2	1	0.2	
P495	0	34.7	0.2188422	2	8.2	0.8	0.4	435.6	363.2	0	0.8	
P496	0	13	0.218564	2.2	8.8	1.8	1.6	447.7	308.7	1	1.4	
P497	0	8.1	0.1707827	0.8	9.4	2.6	1.6	318.7	351	0	2.2	
P498	0	18.7	0.789021	1.2	4.6	1.4	2	399.7	302.7	1	0.2	
P499	0	40	0.551123	0.6	8.4	2	2	405	354.3	1	0.8	
P500	0	11.5	0.4423211	1.4	2.8	1.2	1.4	388.2	366.7	0	0.8	